id,level,noType,tools,blockid,stoneid,stone_type_per,stone_per,goal,map,TypeA,roundA,roundB,roundC,roundD,roundK_C,roundK_D,refresh_rounds
1,1,"[12,13,4,5,33,34,36]","[1,6,3]","[1,2,3,4,5,6]","[1001,1002,1003]","[1,2,3]",[],"[1,30]","[0,0,0,0,0,0,0,0,0,0,0,0,0,0,0,0,0,0,0,0,0,0,0,0,0,0,3,3,3,3,0,0,0,0,3,0,0,3,0,0,0,0,3,0,0,3,0,0,0,0,0,0,0,0,0,0,0,0,0,0,0,0,0,0]","[32,6,11,7,8,9,10,15,16,19,20,23,14]",10,30,65,100,2,2,1
2,2,"[12,13,4,5,33,34,36]","[1,6,3,4]","[1,2,3,4,5,6]","[1001,1002,1003]","[2,0,0]","[5,1,5,7]","[1001,5]","[3,1001,3,0,0,3,1001,3,1001,0,0,0,0,0,0,3,1001,0,0,0,0,0,0,3,0,0,0,0,0,0,0,0,0,0,0,0,0,0,0,0,3,0,0,0,0,0,0,3,1001,0,0,0,0,0,0,1001,3,1001,0,0,0,1001,3,1001]","[32,6,11,7,8,9,10,15,16,19,20,23,14]",3,30,65,100,2,2,1
3,3,"[12,13,33,34,36]","[1,6,3]","[1,2,3,4,5,6]","[1001,1002,1003]","[1,1,1]",[],"[1,70]","[0,0,0,0,0,0,0,0,0,0,0,3,0,0,0,0,0,0,0,3,3,0,0,0,0,0,3,3,3,3,0,0,0,3,3,3,3,3,3,0,0,0,0,3,3,0,0,0,0,0,0,0,3,0,0,0,0,0,0,0,0,0,0,0]","[32,6,11,7,8,9,10,15,16,19,20,23,14]",3,30,65,100,2,2,1
4,4,"[12,13,4,5,33,34,36]","[1,6,3]","[1,2,3,4,5,6]","[1001,1002,1003]","[1,1,1]",[],"[1,160]","[0,0,0,0,0,0,0,0,0,0,0,0,0,0,0,0,0,0,0,3,3,0,0,0,0,0,3,3,3,3,0,0,0,0,0,0,0,0,0,0,0,0,3,3,3,3,0,0,0,0,0,3,3,0,0,0,0,0,0,0,0,0,0,0]","[32,6,11,7,8,9,10,15,16,19,20,23,14]",3,10,14,21,2,2,9
5,5,"[12,13,4,5,33,34,36]","[1,6,3,4]","[1,2,3,4,5,6]","[1001,1002,1003]","[2,0,0]","[5,1,5,7]","[1001,20]","[0,1001,0,0,0,0,1001,0,0,1001,0,0,0,0,1001,0,0,0,0,0,0,0,0,0,0,0,0,1001,1001,0,0,0,0,0,0,1001,1001,0,0,0,0,0,0,0,0,0,0,0,0,1001,0,0,0,0,1001,0,0,1001,0,0,0,0,1001,0]","[32,6,11,7,8,9,10,15,16,19,20,23,14]",3,7,11,21,2,2,6
6,6,"[12,13,4,5,33,34,36]","[1,6,3]","[1,2,3,4,5,6]","[1001,1002,1003]","[1,1,1]",[],"[1,180]","[0,0,0,0,0,0,0,0,3,0,0,0,0,0,0,3,0,0,0,0,0,0,0,0,0,0,0,3,3,0,0,0,0,0,0,3,3,0,0,0,0,0,0,0,0,0,0,0,3,0,0,0,0,0,0,3,0,0,0,0,0,0,0,0]","[32,6,11,7,8,9,10,15,16,19,20,23,14]",3,10,14,21,2,2,9
7,7,"[12,13,4,5,33,34,36]","[1,6,3,4]","[1,2,3,4,5,6]","[1001,1002,1003]","[2,0,0]","[5,1,5,7]","[1001,18]","[0,0,0,0,0,0,0,0,0,0,0,0,0,0,0,0,0,0,1001,0,0,1001,0,0,0,0,1001,0,0,1001,0,0,0,0,0,1001,1001,0,0,0,0,0,1001,0,0,1001,0,0,0,0,1001,0,0,1001,0,0,0,0,0,0,0,0,0,0]","[2,3,6,11,7,8,9,10,15,16,19,20,23,14]",3,4,8,20,2,2,3
8,8,"[12,13,4,5,33,34,36]","[1,6,3,4]","[1,2,3,4,5,6]","[1001,1002,1003]","[2,0,0]","[5,1,5,7]","[1001,14]","[0,0,0,0,0,0,0,0,0,1001,0,0,0,0,0,0,0,0,1001,0,0,0,0,0,0,0,0,1001,0,0,0,0,0,0,0,0,1001,0,0,0,0,0,0,0,0,1001,0,0,0,0,0,0,0,0,1001,0,0,0,0,0,0,0,0,0]","[2,3,6,11,7,8,9,10,15,16,19,20,23,14]",3,7,11,20,2,2,6
9,9,"[12,13,4,5,33,34,36]","[1,6,3,4]","[1,2,3,4,5,6]","[1001,1002,1003]","[2,0,0]","[5,1,5,7]","[1001,22]","[0,0,0,0,0,0,0,0,1001,1001,1001,0,0,1001,1001,1001,0,0,0,0,0,0,0,0,0,0,0,1001,1001,0,0,0,1001,1001,1001,0,0,1001,1001,1001,0,0,1001,0,0,1001,0,0,0,0,0,0,0,0,0,0,0,0,0,0,0,0,0,0]","[32,6,11,7,8,9,10,15,16,19,20,23,14]",3,6,10,20,2,2,5
10,10,"[12,13,4,5,36]","[1,6,3,4]","[1,2,3,4,5,6]","[1001,1002,1003]","[2,0,0]","[5,1,5,7]","[1001,19]","[3,3,0,0,0,0,3,3,0,0,1001,0,0,1001,0,0,0,0,0,1001,1001,0,0,0,3,0,0,0,0,0,0,3,0,3,0,0,0,0,3,0,0,0,3,0,0,3,0,0,0,0,0,1001,1001,0,0,0,0,0,1001,0,0,1001,0,0]","[2,3,6,11,7,8,9,10,15,16,19,20,23,14]",3,5,9,20,2,2,4
11,11,"[12,13,4,5,36]","[1,6,3,4]","[1,2,3,4,5,6]","[1001,1002,1003]","[2,3,0]","[5,1,5,7]","[1001,11,1002,11]","[0,0,0,0,0,0,0,0,1001,0,1001,0,0,1002,0,1002,0,1001,0,0,0,0,1002,0,0,0,0,0,0,0,0,0,0,0,0,0,0,0,0,0,0,1002,0,0,0,0,1001,0,1002,0,1002,0,0,1001,0,1001,0,0,0,0,0,0,0,0]","[32,6,11,7,8,9,10,15,16,19,20,23,14]",3,5,9,20,2,2,4
12,12,"[12,13,4,5,36]","[1,6,3,4]","[1,2,3,4,5,6]","[1001,1002,1003]","[2,0,0]","[5,1,5,7]","[1001,20]","[1001,1001,0,0,0,0,0,0,1001,1001,0,0,0,0,0,0,0,0,1001,0,0,0,0,0,0,0,0,0,0,0,0,0,0,0,0,0,0,0,0,0,0,0,0,0,0,1001,0,0,0,0,0,0,0,0,1001,1001,0,0,0,0,0,0,1001,1001]","[32,6,11,7,8,9,10,15,16,19,20,23,14]",3,7,11,20,2,2,6
13,13,"[12,13,4,5,36]","[1,6,3]","[1,2,3,4,5,6]","[1001,1002,1003]","[1,1,1]",[],"[1,230]","[0,0,0,0,0,0,0,0,0,3,0,0,0,0,3,0,0,0,3,0,0,3,0,0,0,0,0,3,3,0,0,0,0,0,3,0,0,3,0,0,0,3,0,0,0,0,3,0,0,0,0,0,0,0,0,0,0,0,0,0,0,0,0,0]","[32,6,11,7,8,9,10,15,16,19,20,23,14]",3,6,10,20,2,2,5
14,14,"[12,13,4,5,36]","[1,6,3,4]","[1,2,3,4,5,6]","[1001,1002,1003]","[2,3,0]","[5,1,5,7]","[1001,10,1002,8]","[1001,0,0,0,0,0,0,1001,0,1001,0,0,1002,0,1001,0,0,0,0,0,0,0,0,0,0,0,0,0,0,0,0,0,1002,0,0,1001,0,0,0,1002,0,0,0,0,0,0,0,0,0,0,0,0,0,0,0,0,1002,1001,0,0,1002,0,1001,1002]","[32,6,11,7,8,9,10,15,16,19,20,23,14]",3,6,10,20,2,2,5
15,15,"[12,13,4,5,36]","[1,6,3,4]","[1,2,3,4,5,6]","[1002,1001,1003]","[3,0,0]","[5,1,5,7]","[1002,17]","[0,0,0,0,0,0,0,0,0,0,0,0,0,0,0,0,0,0,0,0,0,0,0,0,0,0,0,0,0,0,0,0,0,0,0,0,0,0,0,0,1002,1002,0,0,0,0,1002,1002,0,1002,0,0,0,0,1002,0,1002,1002,0,0,0,0,1002,1002]","[32,6,11,7,8,9,10,15,16,19,20,23,14]",3,6,10,20,2,2,5
16,16,"[12,13,4,5,36]","[1,6,3]","[1,2,3,4,5,6]","[1001,1002,1003]","[1,1,1]",[],"[1,150]","[0,0,0,3,3,0,0,0,0,0,0,3,3,0,0,0,0,0,0,3,3,0,0,0,0,3,3,0,0,3,3,0,3,3,0,0,0,0,3,3,0,0,0,3,3,0,0,0,0,0,0,3,3,0,0,0,0,0,0,3,3,0,0,0]","[32,6,11,7,8,9,10,15,16,19,20,23,14]",3,6,10,20,2,2,5
17,17,"[12,13,4,5,36]","[1,6,3,4]","[1,2,3,4,5,6]","[1001,1002,1003]","[2,3,0]","[5,1,5,7]","[1001,9,1002,8]","[0,0,0,0,0,0,0,0,0,3,0,0,0,0,3,0,3,3,1001,0,0,1001,3,3,0,3,0,0,0,0,3,0,0,0,0,1002,1002,0,0,0,0,3,0,0,0,0,3,0,3,3,1001,0,0,1001,3,3,0,3,0,0,0,0,3,0]","[32,6,11,7,8,9,10,15,16,19,20,23,14]",3,6,10,20,2,2,5
18,18,"[12,13,4,5,36]","[1,6,3,4]","[1,2,3,4,5,6]","[1001,1002,1003]","[2,0,0]","[5,1,5,7]","[1001,16]","[0,0,0,0,0,0,0,0,0,0,0,0,0,1001,1001,0,0,0,0,0,0,1001,1001,0,0,0,0,0,0,0,0,0,0,0,0,0,0,0,0,0,0,1001,1001,0,0,0,0,0,0,1001,1001,0,0,0,0,0,0,0,0,0,0,0,0,0]","[32,6,11,7,8,9,10,15,16,19,20,23,14]",3,6,10,20,2,2,5
19,19,"[12,13,4,5,36]","[1,6,3,4]","[1,2,3,4,5,6]","[1002,1001,1003]","[3,0,0]","[5,1,5,7]","[1002,20]","[0,0,0,0,0,0,0,0,0,0,0,0,0,0,0,0,0,1002,1002,0,0,1002,1002,0,0,0,1002,0,0,1002,0,0,0,0,1002,3,3,1002,0,0,0,0,1002,0,0,1002,0,0,0,1002,1002,0,0,1002,1002,0,0,0,0,0,0,0,0,0]","[32,6,11,7,8,9,10,15,16,19,20,23,14]",3,4,8,20,2,2,3
20,20,"[12,13,4,5,36]","[1,6,3,4]","[1,2,3,4,5,6]","[1001,1002,1003]","[2,3,4]","[5,1,5,7]","[1001,5,1002,5,1003,5]","[3,0,0,0,0,0,0,3,0,3,0,1002,1002,0,3,0,0,0,3,1002,1002,3,0,0,0,0,0,0,0,0,0,0,1001,0,1001,1003,1003,1001,0,1001,0,0,0,0,0,0,0,0,0,0,3,1002,1002,3,0,0,0,3,0,0,0,0,3,0]","[32,6,11,7,8,9,10,15,16,19,20,23,14]",3,6,10,20,2,2,5
21,21,"[4,5,36]","[1,6,3,4]","[1,2,3,4,5,6]","[1001,1002,1003]","[2,0,0]","[5,1,5,7]","[1001,14]","[0,0,0,0,0,0,0,0,0,1001,1001,1001,1001,0,0,0,0,0,0,0,0,0,0,0,0,0,0,0,0,0,0,0,0,0,0,0,0,0,0,0,0,0,0,0,0,0,0,0,0,0,0,0,1001,1001,1001,1001,0,0,0,0,0,0,0,0]","[32,6,11,7,8,9,10,15,16,19,20,23,14]",3,5,9,19,2,2,4
22,22,"[4,5,36]","[1,6,3,4]","[1,2,3,4,5,6]","[1001,1002,1003]","[2,0,0]","[5,1,5,7]","[1001,16]","[1001,0,0,0,0,0,0,1001,0,0,0,0,0,0,0,0,0,0,0,0,0,0,0,0,0,0,0,0,0,1001,0,0,0,0,0,0,1001,0,0,0,0,0,0,1001,0,0,0,0,0,0,0,0,0,0,0,0,1001,0,0,0,0,0,0,1001]","[32,6,11,7,8,9,10,15,16,19,20,23,14]",3,7,11,19,2,2,6
23,23,"[4,5,36]","[1,6,3,4]","[1,2,3,4,5,6]","[1001,1002,1003]","[2,3,0]","[5,1,5,7]","[1001,13,1002,7]","[0,0,1001,0,0,0,0,1002,0,1001,1001,1001,0,0,0,0,0,0,1001,0,0,0,1002,0,0,0,0,0,0,1002,0,0,0,0,0,0,0,0,0,0,0,0,0,1002,0,0,1001,0,0,0,1002,0,0,1001,1001,1001,1002,0,0,0,0,0,1001,0]","[32,6,11,7,8,9,10,15,16,19,20,23,14]",3,6,10,19,2,2,5
24,24,"[4,5,36]","[1,6,3,4]","[1,2,3,4,5,6]","[1001,1002,1003]","[2,0,0]","[5,1,5,7]","[1001,10]","[1001,0,0,0,0,0,0,1001,0,0,0,1001,1001,0,0,0,0,0,0,0,0,0,0,0,0,0,0,1001,1001,0,0,0,0,0,0,1001,1001,0,0,0,0,0,0,0,0,0,0,0,0,0,0,1001,1001,0,0,0,1001,0,0,0,0,0,0,1001]","[32,6,11,7,8,9,10,15,16,19,20,23,14]",3,7,11,19,2,2,6
25,25,"[4,5,36]","[1,6,3]","[1,2,3,4,5,6]","[1001,1002,1003]","[1,1,1]",[],"[1,200]","[0,0,0,3,3,0,0,0,0,0,0,3,3,0,0,0,0,0,3,0,0,3,0,0,0,0,3,0,0,3,0,0,0,0,0,0,0,0,0,0,3,0,0,0,0,0,0,3,3,0,0,0,0,0,0,3,0,0,0,0,0,0,0,0]","[32,6,11,7,8,9,10,15,16,19,20,23,14]",3,7,11,19,2,2,6
26,26,"[4,5,36]","[1,6,3]","[1,2,3,4,5,6]","[1001,1002,1003]","[1,1,1]",[],"[1,240]","[0,0,0,0,0,0,0,0,0,0,3,0,0,0,0,0,0,0,3,3,3,0,0,0,0,3,0,0,0,3,3,0,0,3,0,0,0,3,0,0,3,3,0,0,0,3,0,0,0,0,3,3,3,0,0,0,0,0,0,0,3,0,0,0]","[32,6,11,7,8,9,10,15,16,19,20,23,14]",3,5,9,19,2,2,4
27,27,"[4,5,36]","[1,6,3]","[1,2,3,4,5,6]","[1001,1002,1003]","[1,1,1]",[],"[1,180]","[0,0,0,0,0,0,0,0,0,0,0,0,0,0,0,0,3,3,3,0,0,0,0,0,0,3,0,0,0,0,3,0,0,3,0,0,0,0,3,0,0,3,0,0,0,0,3,0,0,0,0,0,0,3,3,3,0,0,0,0,0,0,0,0]","[32,6,11,7,8,9,10,15,16,19,20,23,14]",3,6,10,19,2,2,5
28,28,"[4,5,36]","[1,6,3]","[1,2,3,4,5,6]","[1001,1002,1003]","[1,1,1]",[],"[1,200]","[0,0,0,0,0,0,0,0,0,0,0,0,0,0,0,0,0,0,0,0,0,0,0,0,3,0,0,0,0,0,0,0,0,3,0,0,0,0,0,0,3,0,3,0,0,0,0,0,0,3,0,3,0,0,0,0,3,0,3,0,3,0,0,0]","[32,6,11,7,8,9,10,15,16,19,20,23,14]",3,7,11,19,2,2,6
29,29,"[4,5,36]","[1,6,3]","[1,2,3,4,5,6]","[1001,1002,1003]","[1,1,1]",[],"[1,270]","[0,0,0,0,0,0,0,0,0,3,0,3,3,0,3,0,0,0,3,3,3,3,0,0,0,0,3,3,3,3,0,0,0,3,0,3,3,0,3,0,0,0,0,3,3,0,0,0,0,0,0,3,3,0,0,0,0,0,0,3,3,0,0,0]","[32,6,11,7,8,9,10,15,16,19,20,23,14]",3,5,9,19,2,2,4
30,30,"[4,5,36]","[1,6,3]","[1,2,3,4,5,6]","[1001,1002,1003]","[1,1,1]",[],"[1,320]","[3,3,0,0,0,0,3,3,0,0,3,3,3,3,0,0,0,0,0,0,0,0,0,0,0,0,0,0,0,0,0,0,0,0,0,0,0,0,0,0,0,0,0,0,0,0,0,0,0,0,3,3,3,3,0,0,3,3,0,0,0,0,3,3]","[32,6,11,7,8,9,10,15,16,19,20,23,14]",3,6,10,19,2,2,5
31,31,"[4,5,36]","[1,6,3,4]","[1,2,3,4,5,6]","[1001,1002,1003]","[2,0,0]","[5,1,5,7]","[1001,24]","[0,0,0,0,0,0,0,0,0,0,0,0,1001,1001,1001,1001,1001,1001,1001,1001,0,0,0,0,0,0,0,0,0,0,0,0,0,0,0,0,0,0,0,0,0,0,0,0,1001,1001,1001,1001,0,0,0,0,0,0,0,0,1001,1001,1001,1001,0,0,0,0]","[32,6,11,7,8,9,10,15,16,19,20,23,14]",3,5,9,19,2,2,5
32,32,"[4,5,36]","[1,6,3,4]","[1,2,3,4,5,6]","[1001,1002,1003]","[2,0,0]","[5,1,5,7]","[1001,18]","[0,0,0,0,0,0,0,0,0,0,0,0,1001,0,1001,0,0,1001,0,1001,0,0,0,0,0,0,0,0,0,0,0,0,0,0,0,0,0,0,0,0,0,0,0,0,1001,0,1001,0,0,1001,0,1001,0,0,0,0,0,0,0,0,0,0,0,0]","[32,6,11,7,8,9,10,15,16,19,20,23,14]",3,6,10,19,2,2,6
33,33,"[4,5,36]","[1,6,3,4]","[1,2,3,4,5,6]","[1002,1001,1003]","[3,0,0]","[5,1,5,7]","[1002,18]","[0,0,0,0,0,0,0,0,1002,1002,0,0,0,0,1002,1002,0,0,0,0,1002,0,0,0,0,0,0,1002,0,0,0,0,1002,1002,0,0,1002,0,1002,1002,0,0,0,1002,0,0,0,0,0,0,0,0,1002,0,0,0,0,0,0,0,0,0,0,0]","[32,6,11,7,8,9,10,15,16,19,20,23,14]",3,6,10,19,2,2,6
34,34,"[4,5,36]","[1,6,3,4]","[1,2,3,4,5,6]","[1003,1002,1001]","[4,0,0]","[5,1,5,7]","[1003,22]","[0,0,0,0,0,0,0,0,0,0,0,0,0,0,0,0,0,0,0,0,0,0,0,0,1003,1003,0,0,0,0,1003,1003,0,1003,0,0,0,0,1003,0,1003,1003,0,1003,1003,0,1003,1003,0,0,1003,0,0,1003,0,0,0,0,0,0,0,0,0,0]","[32,6,11,7,8,9,10,15,16,19,20,23,14]",3,6,10,19,2,2,6
35,35,"[4,5,36]","[1,6,3,4]","[1,2,3,4,5,6]","[1001,1002,1003]","[2,0,0]","[5,1,5,7]","[1001,18]","[0,0,0,0,0,0,0,0,1001,1001,1001,0,0,1001,1001,1001,0,0,0,1001,1001,0,0,0,0,0,0,1001,1001,0,0,0,0,0,0,1001,1001,0,0,0,0,0,0,1001,1001,0,0,0,0,0,0,1001,1001,0,0,0,0,0,0,0,0,0,0,0]","[32,6,11,7,8,9,10,15,16,19,20,23,14]",3,6,10,19,2,2,6
36,36,"[4,5,36]","[1,6,3,4]","[1,2,3,4,5,6]","[1001,1002,1003]","[2,0,0]","[5,1,5,7]","[1001,22]","[0,0,0,0,0,0,0,0,0,0,1001,1001,1001,1001,0,0,0,0,0,0,0,0,0,0,0,0,0,3,3,0,0,0,0,1001,1001,3,3,1001,1001,0,0,0,0,3,3,0,0,0,0,0,0,0,0,0,0,0,0,1001,1001,0,0,1001,1001,0]","[32,6,11,7,8,9,10,15,16,19,20,23,14]",3,4,8,19,2,2,4
37,37,"[4,5,36]","[1,6,3]","[1,2,3,4,5,6]","[1001,1002,1003]","[1,1,1]",[],"[1,310]","[0,0,0,0,0,0,0,0,0,0,0,0,0,0,0,0,3,0,3,0,0,3,0,3,0,3,0,0,0,0,3,0,3,0,3,0,0,3,0,3,0,0,0,0,0,0,0,0,0,0,0,0,0,0,0,0,0,0,0,0,0,0,0,0]","[32,6,11,7,8,9,10,15,16,19,20,23,14]",3,7,11,19,2,2,7
38,38,"[4,5,36]","[1,6,3]","[1,2,3,4,5,6]","[1001,1002,1003]","[1,1,1]",[],"[1,280]","[0,0,0,0,0,0,0,0,0,3,0,0,0,0,3,0,0,0,3,0,0,3,0,0,0,0,0,3,3,0,0,0,0,0,3,0,0,3,0,0,0,3,0,0,0,0,3,0,0,0,0,0,0,0,0,0,0,0,0,0,0,0,0,0]","[32,6,11,7,8,9,10,15,16,19,20,23,14]",3,6,10,19,2,2,6
39,39,"[4,5,36]","[1,6,3]","[1,2,3,4,5,6]","[1001,1002,1003]","[1,1,1]",[],"[1,170]","[0,0,0,0,0,0,0,0,0,0,3,0,0,3,0,0,0,3,0,0,0,0,3,0,0,0,0,0,0,0,0,0,0,0,0,0,0,0,0,0,0,3,0,0,0,0,3,0,0,0,3,0,0,3,0,0,0,0,0,0,0,0,0,0]","[32,6,11,7,8,9,10,15,16,19,20,23,14]",3,6,10,19,2,2,6
40,40,"[4,5,36]","[1,6,3]","[1,2,3,4,5,6]","[1001,1002,1003]","[1,1,1]",[],"[1,300]","[0,0,0,0,0,0,0,0,0,0,0,0,0,0,0,0,0,3,3,3,3,3,3,0,0,0,0,0,0,0,0,0,0,0,0,0,0,0,0,0,0,3,3,3,3,3,3,0,0,0,0,0,0,0,0,0,0,0,0,0,0,0,0,0]","[32,6,11,7,8,9,10,15,16,19,20,23,14]",3,5,9,19,2,2,5
41,41,"[4,5,36]","[1,6,3]","[1,2,3,4,5,6]","[1001,1002,1003]","[1,1,1]",[],"[1,220]","[0,0,0,0,0,0,0,0,0,0,0,0,0,0,0,0,0,0,0,0,0,0,0,0,0,3,0,0,0,0,3,0,0,3,0,3,3,0,3,0,0,3,0,0,0,0,3,0,0,0,0,0,0,0,0,0,0,0,0,0,0,0,0,0]","[32,6,11,7,8,9,10,15,16,19,20,23,14]",3,5,9,19,2,2,5
42,42,"[4,5,36]","[1,6,3]","[1,2,3,4,5,6]","[1001,1002,1003]","[1,1,1]",[],"[1,330]","[0,0,0,0,0,0,0,0,0,0,3,3,0,3,3,0,0,0,0,3,0,3,0,0,0,0,0,0,0,0,0,0,0,0,0,0,0,0,0,0,0,0,0,0,0,0,0,0,0,0,0,3,0,3,0,0,0,0,3,3,0,3,3,0]","[32,6,11,7,8,9,10,15,16,19,20,23,14]",3,5,9,19,2,2,5
43,43,"[4,5,36]","[1,6,3,4]","[1,2,3,4,5,6]","[1001,1002,1003]","[2,3,4]","[5,1,5,7]","[1001,6,1002,6,1003,6]","[0,0,0,0,0,0,0,0,1001,0,0,0,0,0,0,1002,0,1001,0,0,0,0,1002,0,0,0,1001,0,0,1002,0,0,0,0,0,1001,1002,0,0,0,0,0,0,1003,0,0,0,0,0,0,0,0,1003,0,0,0,0,0,0,1003,0,0,0,0]","[32,6,11,7,8,9,10,15,16,19,20,23,14]",3,6,10,19,2,2,6
44,44,"[4,5,36]","[1,6,3,4]","[1,2,3,4,5,6]","[1002,1001,1003]","[3,0,0]","[5,1,5,7]","[1002,24]","[0,0,0,0,0,0,0,0,1002,1002,0,0,0,0,1002,1002,0,0,0,0,1002,0,0,0,0,0,0,1002,0,0,0,0,1002,1002,0,0,1002,0,1002,1002,0,0,0,1002,0,0,0,0,0,0,0,0,1002,0,0,0,0,0,0,0,0,0,0,0]","[32,6,11,7,8,9,10,15,16,19,20,23,14]",3,5,9,19,2,2,5
45,45,"[4,5,36]","[1,6,3,4]","[1,2,3,4,5,6]","[1001,1002,1003]","[2,0,0]","[5,1,5,7]","[1001,18]","[0,1001,0,0,0,0,1001,0,0,0,1001,0,0,1001,0,0,0,0,0,1001,1001,0,0,0,0,0,0,0,0,0,0,0,0,0,1001,1001,1001,1001,0,0,0,0,0,0,0,0,0,0,0,0,0,0,0,0,0,0,0,0,0,0,0,0,0,0]","[32,6,11,7,8,9,10,15,16,19,20,23,14]",3,6,10,19,2,2,6
46,46,"[4,5,36]","[1,6,3,4]","[1,2,3,4,5,6]","[1001,1002,1003]","[2,3,0]","[5,1,5,7]","[1001,12,1002,12]","[0,0,0,0,0,0,0,0,0,0,0,0,0,0,0,0,0,1001,0,0,0,0,1001,0,1002,1001,1002,0,0,1002,1001,1002,0,1001,0,0,0,0,1001,0,0,0,0,0,0,0,0,0,0,0,0,1002,1002,0,0,0,0,0,0,0,0,0,0,0]","[32,6,11,7,8,9,10,15,16,19,20,23,14]",3,6,10,19,2,2,6
47,47,"[4,5,36]","[1,6,3,4]","[1,2,3,4,5,6]","[1001,1002,1003]","[2,0,0]","[5,1,5,7]","[1001,16]","[0,0,0,0,0,0,0,0,0,1001,0,0,0,0,1001,0,0,0,0,0,0,0,0,0,0,0,0,1001,1001,0,0,0,0,1001,0,0,0,0,1001,0,0,0,0,0,0,0,0,0,0,1001,0,0,0,0,1001,0,0,0,0,0,0,0,0,0]","[32,6,11,7,8,9,10,15,16,19,20,23,14]",3,5,9,19,2,2,5
48,48,"[4,5,36]","[1,6,3,4]","[1,2,3,4,5,6]","[1003,1002,1001]","[4,0,0]","[5,1,5,7]","[1003,18]","[0,0,0,0,0,0,0,0,0,0,0,0,0,0,0,0,0,0,0,0,0,0,0,0,0,0,0,0,0,0,0,0,0,0,0,0,0,0,0,0,0,0,0,0,0,0,0,0,0,1003,0,1003,0,1003,0,1003,1003,0,1003,0,1003,0,1003,0]","[32,6,11,7,8,9,10,15,16,19,20,23,14]",3,7,11,19,2,2,7
49,49,"[4,5,36]","[1,6,3]","[1,2,3,4,5,6]","[1001,1002,1003]","[1,1,1]",[],"[1,330]","[3,3,3,0,0,0,0,0,3,0,0,0,0,0,0,0,3,0,3,0,0,0,0,0,0,0,0,3,0,0,0,0,0,0,0,0,3,0,0,0,0,0,0,0,0,3,0,3,0,0,0,0,0,0,0,3,0,0,0,0,0,3,3,3]","[32,6,11,7,8,9,10,15,16,19,20,23,14]",3,7,11,19,2,2,7
50,50,"[4,5,36]","[1,6,3]","[1,2,3,4,5,6]","[1001,1002,1003]","[1,1,1]",[],"[1,370]","[0,0,3,0,0,0,0,0,0,0,0,3,0,0,0,0,0,0,0,0,3,0,0,0,0,0,0,0,0,3,0,0,3,0,0,0,0,0,3,0,0,3,0,0,0,0,0,3,0,0,3,0,0,0,0,0,0,0,0,3,0,0,0,0]","[32,6,11,7,8,9,10,15,16,19,20,23,14]",5,9,13,19,2,2,9
51,51,[36],"[1,6,3]","[1,2,3,4,5,6]","[1001,1002,1003]","[1,1,1]",[],"[1,180]","[0,0,0,0,0,0,0,0,0,0,0,3,3,0,0,0,0,0,3,0,0,3,0,0,0,3,0,0,0,0,3,0,0,0,3,0,0,3,0,0,0,0,0,3,3,0,0,0,0,0,0,0,0,0,0,0,0,0,0,0,0,0,0,0]","[32,6,11,7,8,9,10,15,16,19,20,23,14]",3,6,10,19,2,2,6
52,52,[36],"[1,6,3]","[1,2,3,4,5,6]","[1001,1002,1003]","[1,1,1]",[],"[1,260]","[0,0,0,0,0,0,0,0,0,0,1,1,1,1,0,0,0,1,0,0,0,0,1,0,0,1,0,0,0,0,1,0,0,1,0,0,0,0,1,0,0,1,0,0,0,0,1,0,0,0,1,1,1,1,0,0,0,0,0,0,0,0,0,0]","[32,6,11,7,8,9,10,15,16,19,20,23,14]",3,5,9,19,2,2,5
53,53,[36],"[1,6,3]","[1,2,3,4,5,6]","[1001,1002,1003]","[1,1,1]",[],"[1,180]","[0,0,0,0,0,0,0,0,0,0,0,3,3,0,0,0,0,0,3,0,0,3,0,0,0,0,0,0,0,0,0,0,0,0,0,3,3,0,0,0,0,0,3,0,0,3,0,0,0,0,0,0,0,0,0,0,0,0,0,3,3,0,0,0]","[32,6,11,7,8,9,10,15,16,19,20,23,14]",3,7,11,19,2,2,7
54,54,[36],"[1,6,3]","[1,2,3,4,5,6]","[1001,1002,1003]","[1,1,1]",[],"[1,370]","[0,0,0,0,0,0,0,0,0,0,0,0,0,0,0,0,0,0,3,3,3,0,0,3,0,0,0,0,0,0,0,3,0,0,0,0,3,0,0,3,0,0,0,0,0,3,0,0,0,0,0,0,0,0,3,0,0,0,3,3,3,0,0,3]","[32,6,11,7,8,9,10,15,16,19,20,23,14]",3,6,10,19,2,2,6
55,55,[36],"[1,6,3,4]","[1,2,3,4,5,6]","[1001,1002,1003]","[2,3,0]","[5,1,5,7]","[1001,8,1002,8]","[0,0,0,0,0,0,0,0,1002,0,0,3,0,0,0,1002,0,0,0,1001,0,0,0,0,0,1001,3,3,3,1001,1001,0,0,0,0,1001,0,0,0,0,0,0,0,3,0,0,0,0,1002,0,0,0,0,0,0,1002,0,0,0,0,0,0,0,0]","[32,6,11,7,8,9,10,15,16,19,20,23,14]",3,5,9,19,2,2,5
56,56,[36],"[1,6,3,4]","[1,2,3,4,5,6]","[1001,1002,1003]","[2,3,0]","[5,1,5,7]","[1001,9,1002,9]","[0,0,0,0,0,0,1002,0,0,3,1001,0,0,0,1002,0,0,1001,3,0,0,0,0,0,0,0,0,0,0,0,0,0,0,0,0,0,0,0,0,0,0,0,0,0,0,3,1001,0,0,0,1002,0,0,1001,3,0,0,0,1002,0,0,0,0,0]","[32,6,11,7,8,9,10,15,16,19,20,23,14]",3,5,9,19,2,2,5
57,57,[36],"[1,6,3,4]","[1,2,3,4,5,6]","[1001,1002,1003]","[2,0,0]","[5,1,5,7]","[1001,12]","[0,0,0,0,1001,0,0,0,0,0,0,0,0,0,0,0,0,0,1001,0,0,0,0,1001,0,0,0,0,0,0,0,0,3,3,3,3,3,0,0,0,0,0,0,0,0,0,0,0,0,0,1001,0,0,0,0,1001,0,0,0,0,0,0,0,0]","[32,6,11,7,8,9,10,15,16,19,20,23,14]",3,5,9,19,2,2,5
58,58,[36],"[1,6,3,4]","[1,2,3,4,5,6]","[1001,1002,1003]","[2,3,4]","[5,1,5,7]","[1001,4,1002,4,1003,4]","[0,0,0,0,0,0,0,0,3,0,0,1001,1001,0,0,3,0,3,0,0,0,0,3,0,0,0,3,0,0,3,0,0,0,0,0,0,0,0,0,0,0,0,0,0,0,0,0,0,1002,1002,1002,0,0,1003,1003,1003,0,0,0,3,3,0,0,0]","[32,6,11,7,8,9,10,15,16,19,20,23,14]",3,7,11,19,2,2,7
59,59,[36],"[1,6,3,4]","[1,2,3,4,5,6]","[1001,1003,1002]","[2,4,0]","[5,1,5,7]","[1001,6,1003,7]","[0,0,0,3,3,0,0,0,1003,0,0,3,3,0,0,1003,0,0,0,3,3,0,0,0,0,0,0,3,3,0,0,0,0,0,3,0,0,3,0,0,0,3,0,0,0,0,3,0,3,0,0,0,0,0,0,3,0,0,0,1001,1001,0,0,0]","[32,6,11,7,8,9,10,15,16,19,20,23,14]",3,5,9,19,2,2,5
60,60,[36],"[1,6,3,4]","[1,2,3,4,5,6]","[1001,1002,1003]","[2,3,4]","[5,1,5,7]","[1001,9,1002,9,1003,9]","[3,0,0,1003,1003,0,0,3,0,1001,0,0,0,0,1001,0,0,0,1001,0,0,1001,0,0,0,3,0,1002,1002,0,3,0,3,3,0,0,0,0,3,3,0,3,1001,0,0,1001,3,0,0,1001,0,0,0,0,1001,0,3,0,0,1003,1003,0,0,3]","[32,6,11,7,8,9,10,15,16,19,20,23,14]",3,5,9,19,2,2,5
61,61,[36],"[1,6,3]","[1,2,3,4,5,6]","[1001,1002,1003]","[1,1,1]",[],"[1,320]","[0,0,0,0,0,0,0,0,0,0,0,3,3,0,0,0,0,0,3,0,0,3,0,0,0,0,3,0,0,3,0,0,0,0,0,0,0,0,0,0,0,0,0,0,0,0,0,0,3,0,0,0,0,0,0,3,3,0,0,0,0,0,0,3]","[32,6,11,7,8,9,10,15,16,19,20,23,14]",3,7,11,19,2,2,7
62,62,[36],"[1,6,3]","[1,2,3,4,5,6]","[1001,1002,1003]","[1,1,1]",[],"[1,240]","[0,0,0,0,0,0,0,0,0,0,0,3,0,0,0,0,0,0,0,3,3,3,0,0,0,0,3,0,0,0,3,3,0,0,3,0,0,0,3,0,0,3,3,0,0,0,3,0,0,0,0,3,3,3,0,0,0,0,0,0,0,3,0,0]","[32,6,11,7,8,9,10,15,16,19,20,23,14]",3,5,9,19,2,2,5
63,63,[36],"[1,6,3]","[1,2,3,4,5,6]","[1001,1002,1003]","[1,1,1]",[],"[1,150]","[0,0,0,0,0,0,0,0,3,3,3,0,0,0,0,0,0,3,0,0,0,0,0,0,0,3,0,0,0,0,3,0,0,3,0,0,0,0,3,0,0,0,0,0,0,0,3,0,0,0,0,0,0,3,3,3,0,0,0,0,0,0,0,0]","[32,6,11,7,8,9,10,15,16,19,20,23,14]",3,6,10,19,2,2,6
64,64,[36],"[1,6,3]","[1,2,3,4,5,6]","[1001,1002,1003]","[1,1,1]",[],"[1,310]","[0,0,0,0,0,0,0,0,0,0,0,0,0,0,0,0,0,0,0,0,0,0,0,0,3,0,0,0,0,0,0,0,0,3,0,0,0,0,0,0,3,0,3,0,0,0,0,0,0,3,0,3,0,0,0,0,3,0,3,0,3,0,0,0]","[32,6,11,7,8,9,10,15,16,19,20,23,14]",3,7,11,19,2,2,7
65,65,[36],"[1,6,3]","[1,2,3,4,5,6]","[1001,1002,1003]","[1,1,1]",[],"[1,350]","[0,0,0,0,0,0,0,0,0,0,0,0,0,0,0,0,3,0,0,3,3,0,0,3,0,3,3,0,0,3,3,0,0,3,3,0,0,3,3,0,3,0,0,3,3,0,0,3,0,0,0,3,3,0,0,0,0,0,0,3,3,0,0,0]","[32,6,11,7,8,9,10,15,16,19,20,23,14]",3,5,9,19,2,2,5
66,66,[36],"[1,6,3]","[1,2,3,4,5,6]","[1001,1002,1003]","[1,1,1]",[],"[1,300]","[3,3,0,0,0,0,3,3,0,0,3,3,3,3,0,0,0,0,0,0,0,0,0,0,0,0,0,0,0,0,0,0,0,0,0,0,0,0,0,0,0,0,0,0,0,0,0,0,0,0,3,3,3,3,0,0,3,3,0,0,0,0,3,3]","[32,6,11,7,8,9,10,15,16,19,20,23,14]",3,6,10,19,2,2,6
67,67,[36],"[1,6,3,4]","[1,2,3,4,5,6]","[1001,1002,1003]","[2,0,0]","[5,1,5,7]","[1001,28]","[0,0,0,0,0,0,0,0,0,0,0,0,1001,1001,1001,1001,1001,1001,1001,1001,0,0,0,0,0,0,0,0,0,0,0,0,1001,1001,1001,1001,0,0,0,0,0,0,0,0,1001,1001,1001,1001,0,0,0,0,0,0,0,0,0,0,0,0,0,0,0,0]","[32,6,11,7,8,9,10,15,16,19,20,23,14]",3,5,9,19,2,2,5
68,68,[36],"[1,6,3,4]","[1,2,3,4,5,6]","[1001,1002,1003]","[2,0,0]","[5,1,5,7]","[1001,20]","[0,0,0,0,0,0,0,0,0,0,0,0,1001,0,1001,0,0,1001,0,1001,0,0,0,0,0,0,0,0,0,0,0,0,0,0,0,0,0,0,0,0,0,0,0,0,1001,0,1001,0,0,1001,0,1001,0,0,0,0,0,0,0,0,0,0,0,0]","[32,6,11,7,8,9,10,15,16,19,20,23,14]",3,6,10,19,2,2,6
69,69,[36],"[1,6,3,4]","[1,2,3,4,5,6]","[1002,1001,1003]","[3,0,0]","[5,1,5,7]","[1002,11]","[0,0,0,0,0,0,0,0,0,0,0,0,0,0,0,0,0,0,1002,0,0,0,0,0,0,0,0,1002,0,0,0,0,0,0,0,0,1002,0,0,0,0,0,0,0,0,1002,0,0,0,0,0,0,0,0,1002,0,0,0,0,0,0,0,0,0]","[32,6,11,7,8,9,10,15,16,19,20,23,14]",3,6,10,19,2,2,6
70,70,[36],"[1,6,3,4]","[1,2,3,4,5,6]","[1003,1002,1001]","[4,0,0]","[5,1,5,7]","[1003,30]","[0,0,0,0,0,0,0,0,0,0,0,0,0,0,0,0,0,0,0,0,0,0,0,0,0,0,0,1003,1003,0,0,0,1003,1003,0,0,0,0,1003,1003,0,1003,0,0,0,0,1003,0,1003,1003,0,1003,1003,0,1003,1003,0,0,1003,0,0,1003,0,0]","[32,6,11,7,8,9,10,15,16,19,20,23,14]",3,6,10,19,2,2,6
71,71,[36],"[1,6,3,4]","[1,2,3,4,5,6]","[1001,1002,1003]","[2,0,0]","[5,1,5,7]","[1001,22]","[0,0,0,0,0,0,0,0,0,0,0,0,0,0,0,0,1001,1001,1001,0,1001,1001,1001,1001,0,0,0,1001,1001,0,0,0,0,0,0,1001,1001,0,0,0,0,0,0,1001,1001,0,0,0,0,0,0,1001,1001,0,0,0,0,0,0,0,0,0,0,0]","[32,6,11,7,8,9,10,15,16,19,20,23,14]",3,6,10,19,2,2,6
72,72,[36],"[1,6,3,4]","[1,2,3,4,5,6]","[1001,1002,1003]","[2,0,0]","[5,1,5,7]","[1001,20]","[0,0,0,0,0,0,0,0,0,0,1001,1001,1001,1001,0,0,0,0,0,3,0,0,0,0,0,0,0,3,0,0,0,0,0,1001,1001,3,3,1001,1001,0,0,0,0,0,3,0,0,0,0,0,0,0,3,0,0,0,1001,1001,1001,0,0,0,1001,1001]","[32,6,11,7,8,9,10,15,16,19,20,23,14]",3,4,8,19,2,2,4
73,73,[36],"[1,6,3]","[1,2,3,4,5,6]","[1001,1002,1003]","[1,1,1]",[],"[1,320]","[0,0,0,0,0,0,0,0,0,0,0,0,0,0,0,0,3,0,3,0,0,3,0,3,0,3,0,0,0,0,3,0,3,0,3,0,0,3,0,3,0,0,0,0,0,0,0,0,0,0,0,0,0,0,0,0,0,0,0,0,0,0,0,0]","[32,6,11,7,8,9,10,15,16,19,20,23,14]",3,7,11,19,2,2,7
74,74,[36],"[1,6,3]","[1,2,3,4,5,6]","[1001,1002,1003]","[1,1,1]",[],"[1,270]","[0,0,0,0,0,0,0,0,0,0,0,0,0,0,0,0,0,0,3,0,0,0,3,0,0,0,0,3,0,3,0,0,0,0,0,0,3,0,0,0,0,0,0,3,0,3,0,0,0,0,3,0,3,0,3,0,0,0,0,0,0,0,0,0]","[32,6,11,7,8,9,10,15,16,19,20,23,14]",3,6,10,19,2,2,6
75,75,[36],"[1,6,3]","[1,2,3,4,5,6]","[1001,1002,1003]","[1,1,1]",[],"[1,180]","[0,0,0,0,0,0,0,0,0,0,0,0,3,0,0,0,0,0,0,3,0,3,0,0,0,0,3,0,0,0,3,0,0,0,0,0,0,0,0,0,0,0,0,0,0,0,0,0,0,0,3,0,3,0,3,0,0,0,0,3,0,3,0,0]","[32,6,11,7,8,9,10,15,16,19,20,23,14]",3,6,10,19,2,2,6
76,76,[36],"[1,6,3]","[1,2,3,4,5,6]","[1001,1002,1003]","[1,1,1]",[],"[1,360]","[0,0,0,0,0,0,0,0,0,0,0,0,0,0,0,0,3,3,3,0,3,3,3,3,0,0,0,0,0,0,0,0,0,0,0,0,0,0,0,0,3,3,3,3,0,3,3,3,3,3,3,3,0,3,3,3,0,0,0,0,0,0,0,0]","[32,6,11,7,8,9,10,15,16,19,20,23,14]",3,5,9,19,2,2,5
77,77,[36],"[1,6,3]","[1,2,3,4,5,6]","[1001,1002,1003]","[1,1,1]",[],"[1,230]","[0,0,0,0,0,0,0,0,0,0,0,0,0,0,0,0,0,3,0,0,0,0,3,0,0,3,3,3,3,3,3,0,0,3,0,0,0,0,3,0,0,0,0,0,0,0,0,0,0,0,0,0,0,0,0,0,0,0,0,0,0,0,0,0]","[32,6,11,7,8,9,10,15,16,19,20,23,14]",3,5,9,19,2,2,5
78,78,[36],"[1,6,3]","[1,2,3,4,5,6]","[1001,1002,1003]","[1,1,1]",[],"[1,330]","[0,0,0,0,0,0,0,0,0,3,3,0,0,3,3,0,0,0,3,0,0,3,0,0,0,0,0,0,0,0,0,0,0,0,0,0,0,0,0,0,0,0,0,0,0,0,0,0,0,0,3,0,0,3,0,0,0,3,3,0,0,3,3,0]","[32,6,11,7,8,9,10,15,16,19,20,23,14]",3,5,9,19,2,2,5
79,79,[36],"[1,6,3,4]","[1,2,3,4,5,6]","[1001,1002,1003]","[2,3,4]","[5,1,5,7]","[1001,6,1002,6,1003,6]","[0,0,0,0,0,0,0,0,0,0,0,0,0,0,0,0,0,0,0,0,0,0,0,0,0,1002,1002,0,0,1002,1002,0,0,0,0,0,0,0,0,0,0,0,0,1002,1002,0,0,0,0,1001,1001,0,0,1001,1001,0,0,0,0,0,0,0,0,0]","[32,6,11,7,8,9,10,15,16,19,20,23,14]",3,6,10,19,2,2,6
80,80,[36],"[1,6,3,4]","[1,2,3,4,5,6]","[1002,1001,1003]","[3,0,0]","[5,1,5,7]","[1002,22]","[0,0,0,0,0,0,0,0,0,1002,1002,0,0,1002,1002,0,0,0,0,0,0,0,0,0,0,0,0,1002,1002,0,0,0,0,1002,1002,0,0,1002,1002,0,0,0,0,0,0,0,0,0,0,0,0,0,0,0,0,0,0,0,0,0,0,0,0,0]","[32,6,11,7,8,9,10,15,16,19,20,23,14]",3,5,9,19,2,2,5
81,81,[],"[1,6,3,4]","[1,2,3,4,5,6]","[1001,1002,1003]","[2,0,0]","[5,1,5,7]","[1001,20]","[0,0,0,0,0,0,0,0,1001,1001,1001,0,0,1001,1001,1001,0,0,0,0,0,0,0,0,0,0,0,1001,1001,0,0,0,1001,1001,1001,0,0,1001,1001,1001,0,0,1001,0,0,1001,0,0,0,0,0,0,0,0,0,0,0,0,0,0,0,0,0,0]","[32,6,11,7,8,9,10,15,16,19,20,23,14]",3,6,10,19,2,2,6
82,82,[],"[1,6,3,4]","[1,2,3,4,5,6]","[1001,1002,1003]","[2,3,0]","[5,1,5,7]","[1001,13,1002,13]","[0,0,0,0,0,0,0,0,0,0,0,0,1,0,0,0,0,1001,0,0,1,0,1001,0,1002,1001,1002,0,0,1002,1001,1002,0,1001,0,0,1002,0,1001,0,0,0,0,0,1002,0,0,0,0,0,0,0,1002,0,0,0,0,0,0,0,0,0,0,0]","[32,6,11,7,8,9,10,15,16,19,20,23,14]",3,6,10,19,2,2,6
83,83,[],"[1,6,3,4]","[1,2,3,4,5,6]","[1001,1002,1003]","[2,0,0]","[5,1,5,7]","[1001,16]","[0,0,0,0,0,0,0,0,0,0,0,0,0,0,0,0,0,1001,0,0,0,0,1001,0,1001,0,0,0,0,0,0,1001,0,0,0,0,0,0,0,0,0,1001,0,0,0,0,1001,0,1001,0,0,0,0,0,0,1001,0,1001,0,0,0,0,1001,0]","[32,6,11,7,8,9,10,15,16,19,20,23,14]",3,5,9,19,2,2,5
84,84,[],"[1,6,3,4]","[1,2,3,4,5,6]","[1003,1002,1001]","[4,0,0]","[5,1,5,7]","[1003,27]","[0,1003,0,1003,0,1003,0,1003,1003,0,1003,0,1003,0,1003,0,0,0,0,0,0,0,0,0,0,0,0,0,0,0,0,0,0,0,0,0,0,0,0,0,0,0,0,0,0,0,0,0,0,0,0,0,0,0,0,0,0,1003,0,1003,0,1003,0,1003]","[32,6,11,7,8,9,10,15,16,19,20,23,14]",3,7,11,19,2,2,7
85,85,[],"[1,6,3]","[1,2,3,4,5,6]","[1001,1002,1003]","[1,1,1]",[],"[1,330]","[3,3,3,0,0,0,0,0,3,0,0,0,0,0,0,0,3,0,3,3,3,0,0,0,0,0,3,0,0,0,0,0,0,0,3,0,3,0,0,0,0,0,0,0,0,3,0,0,0,0,0,0,0,0,3,0,0,0,0,0,0,0,0,3]","[32,6,11,7,8,9,10,15,16,19,20,23,14]",3,7,11,19,2,2,7
86,86,[],"[1,6,3]","[1,2,3,4,5,6]","[1001,1002,1003]","[1,1,1]",[],"[1,370]","[3,0,0,3,0,0,0,0,0,3,0,0,3,0,0,0,0,0,3,0,0,3,0,0,0,0,0,0,0,0,3,0,0,0,0,0,0,0,0,3,0,0,0,0,0,3,0,0,0,0,0,0,0,0,3,0,0,0,0,0,0,0,0,3]","[32,6,11,7,8,9,10,15,16,19,20,23,14]",3,7,11,19,2,2,7
87,87,[],"[1,6,3]","[1,2,3,4,5,6]","[1001,1002,1003]","[1,1,1]",[],"[1,250]","[0,0,0,0,0,0,0,0,0,0,0,0,0,0,0,0,0,0,0,3,3,0,0,0,0,0,0,3,3,0,0,0,0,0,3,0,0,3,0,0,0,0,0,3,3,0,0,0,0,0,0,3,3,0,0,0,0,0,0,0,0,0,0,0]","[32,6,11,7,8,9,10,15,16,19,20,23,14]",3,6,10,19,2,2,6
88,88,[],"[1,6,3]","[1,2,3,4,5,6]","[1001,1002,1003]","[1,1,1]",[],"[1,360]","[0,0,0,0,0,0,0,0,0,3,3,3,3,3,3,0,0,3,0,0,0,0,0,0,0,3,0,0,0,0,0,0,0,0,0,0,0,0,3,0,0,0,0,0,0,0,3,0,0,3,3,3,3,3,3,0,0,0,0,0,0,0,0,0]","[32,6,11,7,8,9,10,15,16,19,20,23,14]",3,5,9,19,2,2,5
89,89,[],"[1,6,3]","[1,2,3,4,5,6]","[1001,1002,1003]","[1,1,1]",[],"[1,320]","[0,0,0,3,3,0,0,0,0,0,0,3,3,0,0,0,0,0,3,3,3,3,0,0,0,0,0,0,0,0,0,0,0,0,0,3,3,0,0,0,0,0,0,3,3,0,0,0,0,0,0,0,0,0,0,0,0,0,0,3,3,0,0,0]","[32,6,11,7,8,9,10,15,16,19,20,23,14]",3,7,11,19,2,2,7
90,90,[],"[1,6,3]","[1,2,3,4,5,6]","[1001,1002,1003]","[1,1,1]",[],"[1,380]","[0,0,0,0,0,0,0,0,0,0,3,3,3,0,0,0,0,0,0,0,0,0,0,0,0,0,0,3,0,0,0,0,0,0,0,0,3,0,0,0,0,0,0,0,0,3,0,0,0,0,0,0,0,0,3,0,0,0,3,3,3,0,0,3]","[32,6,11,7,8,9,10,15,16,19,20,23,14]",3,6,10,19,2,2,6
91,91,[],"[1,6,3,4]","[1,2,3,4,5,6]","[1001,1002,1003]","[2,3,0]","[5,1,5,7]","[1001,9,1002,9]","[0,0,0,0,0,0,0,0,1002,0,0,0,0,0,0,1002,0,0,0,3,3,0,0,0,0,0,0,1001,1001,0,0,0,0,1001,3,3,3,3,1001,0,0,0,0,0,0,0,0,0,1002,0,0,0,0,0,0,1002,0,0,0,0,0,0,0,0]","[32,6,11,7,8,9,10,15,16,19,20,23,14]",3,5,9,19,2,2,5
92,92,[],"[1,6,3,4]","[1,2,3,4,5,6]","[1001,1002,1003]","[2,3,0]","[5,1,5,7]","[1001,10,1002,10]","[0,0,0,0,0,0,0,0,3,0,0,0,0,0,1002,0,0,3,1001,0,0,0,1002,0,0,1001,3,0,0,0,0,0,0,0,0,0,0,0,0,0,0,0,0,0,0,3,1001,0,0,1002,0,0,0,1001,3,0,0,1002,0,0,0,0,0,3]","[32,6,11,7,8,9,10,15,16,19,20,23,14]",3,5,9,19,2,2,5
93,93,[],"[1,6,3,4]","[1,2,3,4,5,6]","[1001,1002,1003]","[2,0,0]","[5,1,5,7]","[1001,16]","[0,0,0,0,1001,0,0,0,0,0,0,0,0,0,0,0,0,0,1001,0,0,0,0,1001,0,0,0,0,0,0,0,0,3,3,3,3,3,0,0,0,0,0,0,0,0,0,0,0,0,0,1001,0,0,0,0,1001,0,0,0,0,0,0,0,0]","[32,6,11,7,8,9,10,15,16,19,20,23,14]",3,5,9,19,2,2,5
94,94,[],"[1,6,3,4]","[1,2,3,4,5,6]","[1001,1002,1003]","[2,3,4]","[5,1,5,7]","[1001,6,1002,6,1003,6]","[0,0,0,0,0,0,0,0,0,0,3,0,0,3,0,0,0,0,0,1001,1001,0,0,0,0,3,0,0,0,0,3,0,0,0,3,0,0,3,0,0,0,0,0,0,0,0,0,0,1002,1002,1002,0,0,1003,1003,1003,0,0,0,3,3,0,0,0]","[32,6,11,7,8,9,10,15,16,19,20,23,14]",3,7,11,19,2,2,7
95,95,[],"[1,6,3,4]","[1,2,3,4,5,6]","[1001,1003,1002]","[2,4,0]","[5,1,5,7]","[1001,6,1003,6]","[0,0,0,3,3,0,0,0,1003,0,0,3,3,0,0,1003,0,0,0,0,0,0,0,0,0,0,0,0,0,0,0,0,0,0,3,0,0,3,0,0,0,3,0,0,0,0,3,0,3,0,0,0,0,0,0,3,0,0,1001,1001,1001,1001,0,0]","[32,6,11,7,8,9,10,15,16,19,20,23,14]",3,5,9,19,2,2,5
96,96,[],"[1,6,3,4]","[1,2,3,4,5,6]","[1001,1002,1003]","[2,3,4]","[5,1,5,7]","[1001,10,1002,10,1003,10]","[0,1001,0,1001,0,1002,0,1003,1003,0,1003,0,1003,0,1003,0,0,0,0,0,0,0,0,0,0,0,0,0,0,0,0,0,0,0,0,0,0,0,0,0,0,0,0,0,0,0,0,0,0,0,0,0,0,0,0,0,1003,0,1003,0,3,1003,3,1002]","[32,6,11,7,8,9,10,15,16,19,20,23,14]",3,5,9,19,2,2,5
97,97,[],"[1,6,3,4]","[1,2,3,4,5,6]","[1001,1002,1003]","[2,0,0]","[5,1,5,7]","[1001,25]","[0,0,0,0,0,0,0,0,0,0,0,0,0,0,0,0,0,1001,1001,1001,1001,0,0,0,0,0,0,0,1001,0,0,0,0,0,0,0,0,0,0,0,0,0,0,1001,0,0,0,0,0,0,0,1001,1001,1001,1001,0,0,0,0,0,0,0,0,0]","[32,6,11,7,8,9,10,15,16,19,20,23,14]",3,5,9,19,2,2,5
98,98,[],"[1,6,3]","[1,2,3,4,5,6]","[1001,1002,1003]","[1,1,1]",[],"[1,500]","[0,0,0,3,3,0,0,0,0,0,0,3,3,0,0,0,0,0,3,0,0,3,0,0,0,0,3,0,0,3,0,0,0,0,0,0,0,0,0,0,3,0,0,0,0,0,0,3,3,0,0,0,0,0,0,3,0,0,0,0,0,0,0,0]","[32,6,11,7,8,9,10,15,16,19,20,23,14]",3,7,17,30,2,2,7
99,99,[],"[1,6,3]","[1,2,3,4,5,6]","[1001,1002,1003]","[1,1,1]",[],"[1,600]","[0,0,0,3,3,0,0,0,0,0,0,3,3,0,0,0,0,0,3,0,0,3,0,0,0,0,3,0,0,3,0,0,0,0,0,0,0,0,0,0,3,0,0,0,0,0,0,3,3,0,0,0,0,0,0,3,0,0,0,0,0,0,0,0]","[32,6,11,7,8,9,10,15,16,19,20,23,14]",3,7,17,19,2,2,6
100,100,[],"[1,6,3,4]","[1,2,3,4,5,6]","[1001,1002,1003]","[2,3,4]","[5,1,5,7]","[1001,10,1002,10,1003,10]","[0,0,1003,1003,1003,1003,0,0,3,0,0,0,0,0,0,3,1001,3,0,0,0,0,3,1001,0,3,0,0,0,0,3,0,3,0,0,1001,1001,0,0,3,0,0,0,0,0,0,0,0,0,0,0,0,0,0,0,0,3,1002,3,0,0,3,1002,3]","[32,6,11,7,8,9,10,15,16,19,20,23,14]",3,6,10,19,2,2,6
101,101,[],"[1,6,3,4]","[1,2,3,4,5,6]","[1001,1002,1003]","[2,3,4]","[5,1,5,7]","[1001,10,1002,10,1003,10]","[0,0,0,0,0,0,0,0,0,0,0,0,0,0,0,0,0,0,0,0,0,0,0,0,0,0,0,0,0,0,0,0,0,0,0,0,0,0,0,0,0,0,0,0,0,0,0,0,0,0,0,0,0,0,0,0,0,0,0,0,0,0,0,0]","[32,6,11,7,8,9,10,15,16,19,20,23,14]",3,6,10,19,2,2,6
102,102,[],"[1,6,3,4]","[1,2,3,4,5,6]","[1001,1002,1003]","[2,3,4]","[5,1,5,7]","[1001,10,1002,10,1003,10]","[0,0,0,0,0,0,0,0,0,0,0,0,0,0,0,0,0,0,0,0,0,0,0,0,0,0,0,0,0,0,0,0,0,0,0,0,0,0,0,0,0,0,0,0,0,0,0,0,0,0,0,0,0,0,0,0,0,0,0,0,0,0,0,0]","[32,6,11,7,8,9,10,15,16,19,20,23,14]",3,6,10,19,2,2,6
1001,1,[],"[1,6,3]","[1,2,3,4,5,6]","[1001,1002,1003]","[1,1,1]",[],"[1,10000]","[0,0,0,0,0,0,0,0,0,0,0,0,0,0,0,0,0,0,0,0,0,0,0,0,0,0,0,0,0,0,0,0,0,0,0,0,0,0,0,0,0,0,0,0,0,0,0,0,0,0,0,0,0,0,0,0,0,0,0,0,0,0,0,0]","[32,6,11,7,8,9,10,15,16,19,20,23,14]",3,12,16,19,2,2,14
1002,2,[],"[1,6,3]","[1,2,3,4,5,6]","[1001,1002,1003]","[1,1,1]",[],"[1,10000]","[0,0,0,0,0,0,0,0,0,0,0,0,0,0,0,0,0,0,0,0,0,0,0,0,0,0,0,0,0,0,0,0,0,0,0,0,0,0,0,0,0,0,0,0,0,0,0,0,0,0,0,0,0,0,0,0,0,0,0,0,0,0,0,0]","[32,6,11,7,8,9,10,15,16,19,20,23,14]",3,12,16,19,2,2,14
1003,3,[],"[1,6,3]","[1,2,3,4,5,6]","[1001,1002,1003]","[1,1,1]",[],"[1,10000]","[0,0,0,0,0,0,0,0,0,0,0,0,0,0,0,0,0,0,0,0,0,0,0,0,0,0,0,0,0,0,0,0,0,0,0,0,0,0,0,0,0,0,0,0,0,0,0,0,0,0,0,0,0,0,0,0,0,0,0,0,0,0,0,0]","[32,6,11,7,8,9,10,15,16,19,20,23,14]",3,12,16,19,2,2,14
1004,4,[],"[1,6,3]","[1,2,3,4,5,6]","[1001,1002,1003]","[1,1,1]",[],"[1,10000]","[0,0,0,0,0,0,0,0,0,0,0,0,0,0,0,0,0,0,0,0,0,0,0,0,0,0,0,0,0,0,0,0,0,0,0,0,0,0,0,0,0,0,0,0,0,0,0,0,0,0,0,0,0,0,0,0,0,0,0,0,0,0,0,0]","[32,6,11,7,8,9,10,15,16,19,20,23,14]",3,12,16,19,2,2,14
1005,5,[],"[1,6,3]","[1,2,3,4,5,6]","[1001,1002,1003]","[1,1,1]",[],"[1,10000]","[0,0,0,0,0,0,0,0,0,0,0,0,0,0,0,0,0,0,0,0,0,0,0,0,0,0,0,0,0,0,0,0,0,0,0,0,0,0,0,0,0,0,0,0,0,0,0,0,0,0,0,0,0,0,0,0,0,0,0,0,0,0,0,0]","[32,6,11,7,8,9,10,15,16,19,20,23,14]",3,12,16,19,2,2,14
201,1,"[12,13,4,5,33,34,36]","[1,6,3]","[1,2,3,4,5,6]","[1001,1002,1003]","[1,2,3]",[],"[1,30]","[0,0,0,0,0,0,0,0,0,0,0,0,0,0,0,0,0,0,0,0,0,0,0,0,0,0,3,3,3,3,0,0,0,0,3,0,0,3,0,0,0,0,3,0,0,3,0,0,0,0,0,0,0,0,0,0,0,0,0,0,0,0,0,0]","[32,6,11,7,8,9,10,15,16,19,20,23,14]",10,30,65,100,2,2,10000
202,2,"[12,13,4,5,33,34,36]","[1,6,3,4]","[1,2,3,4,5,6]","[1001,1002,1003]","[2,0,0]","[5,1,5,7]","[1001,5]","[3,1001,3,0,0,3,1001,3,1001,0,0,0,0,0,0,3,1001,0,0,0,0,0,0,3,0,0,0,0,0,0,0,0,0,0,0,0,0,0,0,0,3,0,0,0,0,0,0,3,1001,0,0,0,0,0,0,1001,3,1001,0,0,0,1001,3,1001]","[32,6,11,7,8,9,10,15,16,19,20,23,14]",3,30,65,100,2,2,10000
203,3,"[12,13,33,34,36]","[1,6,3]","[1,2,3,4,5,6]","[1001,1002,1003]","[1,1,1]",[],"[1,70]","[0,0,0,0,0,0,0,0,0,0,0,3,0,0,0,0,0,0,0,3,3,0,0,0,0,0,3,3,3,3,0,0,0,3,3,3,3,3,3,0,0,0,0,3,3,0,0,0,0,0,0,0,3,0,0,0,0,0,0,0,0,0,0,0]","[32,6,11,7,8,9,10,15,16,19,20,23,14]",3,30,65,100,2,2,10000
204,4,"[12,13,4,5,33,34,36]","[1,6,3]","[1,2,3,4,5,6]","[1001,1002,1003]","[1,1,1]",[],"[1,150]","[0,0,0,0,0,0,0,0,0,0,0,0,0,0,0,0,0,0,0,3,3,0,0,0,0,0,3,3,3,3,0,0,0,0,0,0,0,0,0,0,0,0,3,3,3,3,0,0,0,0,0,3,3,0,0,0,0,0,0,0,0,0,0,0]","[32,6,11,7,8,9,10,15,16,19,20,23,14]",3,10,14,21,2,2,10000
205,5,"[12,13,4,5,33,34,36]","[1,6,3,4]","[1,2,3,4,5,6]","[1001,1002,1003]","[2,0,0]","[5,1,5,7]","[1001,10]","[0,1001,0,0,0,0,1001,0,0,1001,0,0,0,0,1001,0,0,0,0,0,0,0,0,0,0,0,0,1001,1001,0,0,0,0,0,0,1001,1001,0,0,0,0,0,0,0,0,0,0,0,0,1001,0,0,0,0,1001,0,0,1001,0,0,0,0,1001,0]","[32,6,11,7,8,9,10,15,16,19,20,23,14]",3,7,11,21,2,2,10000
206,6,"[12,13,4,5,33,34,36]","[1,6,3]","[1,2,3,4,5,6]","[1001,1002,1003]","[1,1,1]",[],"[1,160]","[0,0,0,0,0,0,0,0,3,0,0,0,0,0,0,3,0,0,0,0,0,0,0,0,0,0,0,3,3,0,0,0,0,0,0,3,3,0,0,0,0,0,0,0,0,0,0,0,3,0,0,0,0,0,0,3,0,0,0,0,0,0,0,0]","[32,6,11,7,8,9,10,15,16,19,20,23,14]",3,10,14,21,2,2,10000
207,7,"[12,13,4,5,33,34,36]","[1,6,3,4]","[1,2,3,4,5,6]","[1001,1002,1003]","[2,0,0]","[5,1,5,7]","[1001,12]","[0,0,0,0,0,0,0,0,0,0,0,0,0,0,0,0,0,0,1001,0,0,1001,0,0,0,0,1001,0,0,1001,0,0,0,0,0,1001,1001,0,0,0,0,0,1001,0,0,1001,0,0,0,0,1001,0,0,1001,0,0,0,0,0,0,0,0,0,0]","[2,3,6,11,7,8,9,10,15,16,19,20,23,14]",3,4,8,20,2,2,10000
208,8,"[12,13,4,5,33,34,36]","[1,6,3,4]","[1,2,3,4,5,6]","[1001,1002,1003]","[2,0,0]","[5,1,5,7]","[1001,10]","[0,0,0,0,0,0,0,0,0,1001,0,0,0,0,0,0,0,0,1001,0,0,0,0,0,0,0,0,1001,0,0,0,0,0,0,0,0,1001,0,0,0,0,0,0,0,0,1001,0,0,0,0,0,0,0,0,1001,0,0,0,0,0,0,0,0,0]","[2,3,6,11,7,8,9,10,15,16,19,20,23,14]",3,7,11,20,2,2,10000
209,9,"[12,13,4,5,33,34,36]","[1,6,3,4]","[1,2,3,4,5,6]","[1001,1002,1003]","[2,0,0]","[5,1,5,7]","[1001,10]","[0,0,0,0,0,0,0,0,1001,1001,1001,0,0,1001,1001,1001,0,0,0,0,0,0,0,0,0,0,0,1001,1001,0,0,0,1001,1001,1001,0,0,1001,1001,1001,0,0,1001,0,0,1001,0,0,0,0,0,0,0,0,0,0,0,0,0,0,0,0,0,0]","[32,6,11,7,8,9,10,15,16,19,20,23,14]",3,6,10,20,2,2,10000
210,10,"[12,13,4,5,36]","[1,6,3,4]","[1,2,3,4,5,6]","[1001,1002,1003]","[2,0,0]","[5,1,5,7]","[1001,18]","[3,3,0,0,0,0,3,3,0,0,1001,0,0,1001,0,0,0,0,0,1001,1001,0,0,0,3,0,0,0,0,0,0,3,0,3,0,0,0,0,3,0,0,0,3,0,0,3,0,0,0,0,0,1001,1001,0,0,0,0,0,1001,0,0,1001,0,0]","[2,3,6,11,7,8,9,10,15,16,19,20,23,14]",3,5,9,20,2,2,10000
211,11,"[12,13,4,5,36]","[1,6,3,4]","[1,2,3,4,5,6]","[1001,1002,1003]","[2,3,0]","[5,1,5,7]","[1001,10,1002,10]","[0,0,0,0,0,0,0,0,1001,0,1001,0,0,1002,0,1002,0,1001,0,0,0,0,1002,0,0,0,0,0,0,0,0,0,0,0,0,0,0,0,0,0,0,1002,0,0,0,0,1001,0,1002,0,1002,0,0,1001,0,1001,0,0,0,0,0,0,0,0]","[32,6,11,7,8,9,10,15,16,19,20,23,14]",3,5,9,20,2,2,10000
212,12,"[12,13,4,5,36]","[1,6,3,4]","[1,2,3,4,5,6]","[1001,1002,1003]","[2,0,0]","[5,1,5,7]","[1001,19]","[1001,1001,0,0,0,0,0,0,1001,1001,0,0,0,0,0,0,0,0,1001,0,0,0,0,0,0,0,0,0,0,0,0,0,0,0,0,0,0,0,0,0,0,0,0,0,0,1001,0,0,0,0,0,0,0,0,1001,1001,0,0,0,0,0,0,1001,1001]","[32,6,11,7,8,9,10,15,16,19,20,23,14]",3,7,11,20,2,2,10000
213,13,"[12,13,4,5,36]","[1,6,3]","[1,2,3,4,5,6]","[1001,1002,1003]","[1,1,1]",[],"[1,230]","[0,0,0,0,0,0,0,0,0,3,0,0,0,0,3,0,0,0,3,0,0,3,0,0,0,0,0,3,3,0,0,0,0,0,3,0,0,3,0,0,0,3,0,0,0,0,3,0,0,0,0,0,0,0,0,0,0,0,0,0,0,0,0,0]","[32,6,11,7,8,9,10,15,16,19,20,23,14]",3,6,10,20,2,2,10000
214,14,"[12,13,4,5,36]","[1,6,3,4]","[1,2,3,4,5,6]","[1001,1002,1003]","[2,3,0]","[5,1,5,7]","[1001,12,1002,10]","[1001,0,0,0,0,0,0,1001,0,1001,0,0,1002,0,1001,0,0,0,0,0,0,0,0,0,0,0,0,0,0,0,0,0,1002,0,0,1001,0,0,0,1002,0,0,0,0,0,0,0,0,0,0,0,0,0,0,0,0,1002,1001,0,0,1002,0,1001,1002]","[32,6,11,7,8,9,10,15,16,19,20,23,14]",3,6,10,20,2,2,10000
215,15,"[12,13,4,5,36]","[1,6,3,4]","[1,2,3,4,5,6]","[1002,1001,1003]","[3,0,0]","[5,1,5,7]","[1002,18]","[0,0,0,0,0,0,0,0,0,0,0,0,0,0,0,0,0,0,0,0,0,0,0,0,0,0,0,0,0,0,0,0,0,0,0,0,0,0,0,0,1002,1002,0,0,0,0,1002,1002,0,1002,0,0,0,0,1002,0,1002,1002,0,0,0,0,1002,1002]","[32,6,11,7,8,9,10,15,16,19,20,23,14]",3,6,10,20,2,2,10000
216,16,"[12,13,4,5,36]","[1,6,3]","[1,2,3,4,5,6]","[1001,1002,1003]","[1,1,1]",[],"[1,200]","[0,0,0,3,3,0,0,0,0,0,0,3,3,0,0,0,0,0,0,3,3,0,0,0,0,3,3,0,0,3,3,0,3,3,0,0,0,0,3,3,0,0,0,3,3,0,0,0,0,0,0,3,3,0,0,0,0,0,0,3,3,0,0,0]","[32,6,11,7,8,9,10,15,16,19,20,23,14]",3,6,10,20,2,2,10000
217,17,"[12,13,4,5,36]","[1,6,3,4]","[1,2,3,4,5,6]","[1001,1002,1003]","[2,3,0]","[5,1,5,7]","[1001,9,1002,8]","[0,0,0,0,0,0,0,0,0,3,0,0,0,0,3,0,3,3,1001,0,0,1001,3,3,0,3,0,0,0,0,3,0,0,0,0,1002,1002,0,0,0,0,3,0,0,0,0,3,0,3,3,1001,0,0,1001,3,3,0,3,0,0,0,0,3,0]","[32,6,11,7,8,9,10,15,16,19,20,23,14]",3,6,10,20,2,2,10000
218,18,"[12,13,4,5,36]","[1,6,3,4]","[1,2,3,4,5,6]","[1001,1002,1003]","[2,0,0]","[5,1,5,7]","[1001,16]","[0,0,0,0,0,0,0,0,0,0,0,0,0,1001,1001,0,0,0,0,0,0,1001,1001,0,0,0,0,0,0,0,0,0,0,0,0,0,0,0,0,0,0,1001,1001,0,0,0,0,0,0,1001,1001,0,0,0,0,0,0,0,0,0,0,0,0,0]","[32,6,11,7,8,9,10,15,16,19,20,23,14]",3,6,10,20,2,2,10000
219,19,"[12,13,4,5,36]","[1,6,3,4]","[1,2,3,4,5,6]","[1002,1001,1003]","[3,0,0]","[5,1,5,7]","[1002,21]","[0,0,0,0,0,0,0,0,0,0,0,0,0,0,0,0,0,1002,1002,0,0,1002,1002,0,0,0,1002,0,0,1002,0,0,0,0,1002,3,3,1002,0,0,0,0,1002,0,0,1002,0,0,0,1002,1002,0,0,1002,1002,0,0,0,0,0,0,0,0,0]","[32,6,11,7,8,9,10,15,16,19,20,23,14]",3,4,8,20,2,2,10000
220,20,"[12,13,4,5,36]","[1,6,3,4]","[1,2,3,4,5,6]","[1001,1002,1003]","[2,3,4]","[5,1,5,7]","[1001,8,1002,8,1003,8]","[3,0,0,0,0,0,0,3,0,3,0,1002,1002,0,3,0,0,0,3,1002,1002,3,0,0,0,0,0,0,0,0,0,0,1001,0,1001,1003,1003,1001,0,1001,0,0,0,0,0,0,0,0,0,0,3,1002,1002,3,0,0,0,3,0,0,0,0,3,0]","[32,6,11,7,8,9,10,15,16,19,20,23,14]",3,6,10,20,2,2,10000
221,21,"[4,5,36]","[1,6,3,4]","[1,2,3,4,5,6]","[1001,1002,1003]","[2,0,0]","[5,1,5,7]","[1001,13]","[0,0,0,0,0,0,0,0,0,1001,1001,1001,1001,0,0,0,0,0,0,0,0,0,0,0,0,0,0,0,0,0,0,0,0,0,0,0,0,0,0,0,0,0,0,0,0,0,0,0,0,0,0,0,1001,1001,1001,1001,0,0,0,0,0,0,0,0]","[32,6,11,7,8,9,10,15,16,19,20,23,14]",3,5,9,19,2,2,10000
222,22,"[4,5,36]","[1,6,3,4]","[1,2,3,4,5,6]","[1001,1002,1003]","[2,0,0]","[5,1,5,7]","[1001,14]","[1001,0,0,0,0,0,0,1001,0,0,0,0,0,0,0,0,0,0,0,0,0,0,0,0,0,0,0,0,0,1001,0,0,0,0,0,0,1001,0,0,0,0,0,0,1001,0,0,0,0,0,0,0,0,0,0,0,0,1001,0,0,0,0,0,0,1001]","[32,6,11,7,8,9,10,15,16,19,20,23,14]",3,7,11,19,2,2,10000
223,23,"[4,5,36]","[1,6,3,4]","[1,2,3,4,5,6]","[1001,1002,1003]","[2,3,0]","[5,1,5,7]","[1001,14,1002,8]","[0,0,1001,0,0,0,0,1002,0,1001,1001,1001,0,0,0,0,0,0,1001,0,0,0,1002,0,0,0,0,0,0,1002,0,0,0,0,0,0,0,0,0,0,0,0,0,1002,0,0,1001,0,0,0,1002,0,0,1001,1001,1001,1002,0,0,0,0,0,1001,0]","[32,6,11,7,8,9,10,15,16,19,20,23,14]",3,6,10,19,2,2,10000
224,24,"[4,5,36]","[1,6,3,4]","[1,2,3,4,5,6]","[1001,1002,1003]","[2,0,0]","[5,1,5,7]","[1001,13]","[1001,0,0,0,0,0,0,1001,0,0,0,1001,1001,0,0,0,0,0,0,0,0,0,0,0,0,0,0,1001,1001,0,0,0,0,0,0,1001,1001,0,0,0,0,0,0,0,0,0,0,0,0,0,0,1001,1001,0,0,0,1001,0,0,0,0,0,0,1001]","[32,6,11,7,8,9,10,15,16,19,20,23,14]",3,7,11,19,2,2,10000
225,25,"[4,5,36]","[1,6,3]","[1,2,3,4,5,6]","[1001,1002,1003]","[1,1,1]",[],"[1,220]","[0,0,0,3,3,0,0,0,0,0,0,3,3,0,0,0,0,0,3,0,0,3,0,0,0,0,3,0,0,3,0,0,0,0,0,0,0,0,0,0,3,0,0,0,0,0,0,3,3,0,0,0,0,0,0,3,0,0,0,0,0,0,0,0]","[32,6,11,7,8,9,10,15,16,19,20,23,14]",3,7,11,19,2,2,10000
226,26,"[4,5,36]","[1,6,3]","[1,2,3,4,5,6]","[1001,1002,1003]","[1,1,1]",[],"[1,220]","[0,0,0,0,0,0,0,0,0,0,3,0,0,0,0,0,0,0,3,3,3,0,0,0,0,3,0,0,0,3,3,0,0,3,0,0,0,3,0,0,3,3,0,0,0,3,0,0,0,0,3,3,3,0,0,0,0,0,0,0,3,0,0,0]","[32,6,11,7,8,9,10,15,16,19,20,23,14]",3,5,9,19,2,2,10000
227,27,"[4,5,36]","[1,6,3]","[1,2,3,4,5,6]","[1001,1002,1003]","[1,1,1]",[],"[1,160]","[0,0,0,0,0,0,0,0,0,0,0,0,0,0,0,0,3,3,3,0,0,0,0,0,0,3,0,0,0,0,3,0,0,3,0,0,0,0,3,0,0,3,0,0,0,0,3,0,0,0,0,0,0,3,3,3,0,0,0,0,0,0,0,0]","[32,6,11,7,8,9,10,15,16,19,20,23,14]",3,6,10,19,2,2,10000
228,28,"[4,5,36]","[1,6,3]","[1,2,3,4,5,6]","[1001,1002,1003]","[1,1,1]",[],"[1,210]","[0,0,0,0,0,0,0,0,0,0,0,0,0,0,0,0,0,0,0,0,0,0,0,0,3,0,0,0,0,0,0,0,0,3,0,0,0,0,0,0,3,0,3,0,0,0,0,0,0,3,0,3,0,0,0,0,3,0,3,0,3,0,0,0]","[32,6,11,7,8,9,10,15,16,19,20,23,14]",3,7,11,19,2,2,10000
229,29,"[4,5,36]","[1,6,3]","[1,2,3,4,5,6]","[1001,1002,1003]","[1,1,1]",[],"[1,280]","[0,0,0,0,0,0,0,0,0,3,0,3,3,0,3,0,0,0,3,3,3,3,0,0,0,0,3,3,3,3,0,0,0,3,0,3,3,0,3,0,0,0,0,3,3,0,0,0,0,0,0,3,3,0,0,0,0,0,0,3,3,0,0,0]","[32,6,11,7,8,9,10,15,16,19,20,23,14]",3,5,9,19,2,2,10000
230,30,"[4,5,36]","[1,6,3]","[1,2,3,4,5,6]","[1001,1002,1003]","[1,1,1]",[],"[1,300]","[3,3,0,0,0,0,3,3,0,0,3,3,3,3,0,0,0,0,0,0,0,0,0,0,0,0,0,0,0,0,0,0,0,0,0,0,0,0,0,0,0,0,0,0,0,0,0,0,0,0,3,3,3,3,0,0,3,3,0,0,0,0,3,3]","[32,6,11,7,8,9,10,15,16,19,20,23,14]",3,6,10,19,2,2,10000
231,31,"[4,5,36]","[1,6,3,4]","[1,2,3,4,5,6]","[1001,1002,1003]","[2,0,0]","[5,1,5,7]","[1001,25]","[0,0,0,0,0,0,0,0,0,0,0,0,1001,1001,1001,1001,1001,1001,1001,1001,0,0,0,0,0,0,0,0,0,0,0,0,0,0,0,0,0,0,0,0,0,0,0,0,1001,1001,1001,1001,0,0,0,0,0,0,0,0,1001,1001,1001,1001,0,0,0,0]","[32,6,11,7,8,9,10,15,16,19,20,23,14]",2,5,9,19,2,2,10000
232,32,"[4,5,36]","[1,6,3,4]","[1,2,3,4,5,6]","[1001,1002,1003]","[2,0,0]","[5,1,5,7]","[1001,17]","[0,0,0,0,0,0,0,0,0,0,0,0,1001,0,1001,0,0,1001,0,1001,0,0,0,0,0,0,0,0,0,0,0,0,0,0,0,0,0,0,0,0,0,0,0,0,1001,0,1001,0,0,1001,0,1001,0,0,0,0,0,0,0,0,0,0,0,0]","[32,6,11,7,8,9,10,15,16,19,20,23,14]",2,6,10,19,2,2,10000
233,33,"[4,5,36]","[1,6,3,4]","[1,2,3,4,5,6]","[1002,1001,1003]","[3,0,0]","[5,1,5,7]","[1002,14]","[0,0,0,0,0,0,0,0,1002,1002,0,0,0,0,1002,1002,0,0,0,0,1002,0,0,0,0,0,0,1002,0,0,0,0,1002,1002,0,0,1002,0,1002,1002,0,0,0,1002,0,0,0,0,0,0,0,0,1002,0,0,0,0,0,0,0,0,0,0,0]","[32,6,11,7,8,9,10,15,16,19,20,23,14]",2,6,10,19,2,2,10000
234,34,"[4,5,36]","[1,6,3,4]","[1,2,3,4,5,6]","[1003,1002,1001]","[4,0,0]","[5,1,5,7]","[1003,24]","[0,0,0,0,0,0,0,0,0,0,0,0,0,0,0,0,0,0,0,0,0,0,0,0,1003,1003,0,0,0,0,1003,1003,0,1003,0,0,0,0,1003,0,1003,1003,0,1003,1003,0,1003,1003,0,0,1003,0,0,1003,0,0,0,0,0,0,0,0,0,0]","[32,6,11,7,8,9,10,15,16,19,20,23,14]",2,6,10,19,2,2,10000
235,35,"[4,5,36]","[1,6,3,4]","[1,2,3,4,5,6]","[1001,1002,1003]","[2,0,0]","[5,1,5,7]","[1001,19]","[0,0,0,0,0,0,0,0,1001,1001,1001,0,0,1001,1001,1001,0,0,0,1001,1001,0,0,0,0,0,0,1001,1001,0,0,0,0,0,0,1001,1001,0,0,0,0,0,0,1001,1001,0,0,0,0,0,0,1001,1001,0,0,0,0,0,0,0,0,0,0,0]","[32,6,11,7,8,9,10,15,16,19,20,23,14]",2,6,10,19,2,2,10000
236,36,"[4,5,36]","[1,6,3,4]","[1,2,3,4,5,6]","[1001,1002,1003]","[2,0,0]","[5,1,5,7]","[1001,20]","[0,0,0,0,0,0,0,0,0,0,1001,1001,1001,1001,0,0,0,0,0,0,0,0,0,0,0,0,0,3,3,0,0,0,0,1001,1001,3,3,1001,1001,0,0,0,0,3,3,0,0,0,0,0,0,0,0,0,0,0,0,1001,1001,0,0,1001,1001,0]","[32,6,11,7,8,9,10,15,16,19,20,23,14]",2,4,8,19,2,2,10000
237,37,"[4,5,36]","[1,6,3]","[1,2,3,4,5,6]","[1001,1002,1003]","[1,1,1]",[],"[1,290]","[0,0,0,0,0,0,0,0,0,0,0,0,0,0,0,0,3,0,3,0,0,3,0,3,0,3,0,0,0,0,3,0,3,0,3,0,0,3,0,3,0,0,0,0,0,0,0,0,0,0,0,0,0,0,0,0,0,0,0,0,0,0,0,0]","[32,6,11,7,8,9,10,15,16,19,20,23,14]",2,7,11,19,2,2,10000
238,38,"[4,5,36]","[1,6,3]","[1,2,3,4,5,6]","[1001,1002,1003]","[1,1,1]",[],"[1,270]","[0,0,0,0,0,0,0,0,0,3,0,0,0,0,3,0,0,0,3,0,0,3,0,0,0,0,0,3,3,0,0,0,0,0,3,0,0,3,0,0,0,3,0,0,0,0,3,0,0,0,0,0,0,0,0,0,0,0,0,0,0,0,0,0]","[32,6,11,7,8,9,10,15,16,19,20,23,14]",2,6,10,19,2,2,10000
239,39,"[4,5,36]","[1,6,3]","[1,2,3,4,5,6]","[1001,1002,1003]","[1,1,1]",[],"[1,160]","[0,0,0,0,0,0,0,0,0,0,3,0,0,3,0,0,0,3,0,0,0,0,3,0,0,0,0,0,0,0,0,0,0,0,0,0,0,0,0,0,0,3,0,0,0,0,3,0,0,0,3,0,0,3,0,0,0,0,0,0,0,0,0,0]","[32,6,11,7,8,9,10,15,16,19,20,23,14]",2,6,10,19,2,2,10000
240,40,"[4,5,36]","[1,6,3]","[1,2,3,4,5,6]","[1001,1002,1003]","[1,1,1]",[],"[1,260]","[0,0,0,0,0,0,0,0,0,0,0,0,0,0,0,0,0,3,3,3,3,3,3,0,0,0,0,0,0,0,0,0,0,0,0,0,0,0,0,0,0,3,3,3,3,3,3,0,0,0,0,0,0,0,0,0,0,0,0,0,0,0,0,0]","[32,6,11,7,8,9,10,15,16,19,20,23,14]",2,5,9,19,2,2,10000
241,41,"[4,5,36]","[1,6,3]","[1,2,3,4,5,6]","[1001,1002,1003]","[1,1,1]",[],"[1,160]","[0,0,0,0,0,0,0,0,0,0,0,0,0,0,0,0,0,0,0,0,0,0,0,0,0,3,0,0,0,0,3,0,0,3,0,3,3,0,3,0,0,3,0,0,0,0,3,0,0,0,0,0,0,0,0,0,0,0,0,0,0,0,0,0]","[32,6,11,7,8,9,10,15,16,19,20,23,14]",2,5,9,19,2,2,10000
242,42,"[4,5,36]","[1,6,3]","[1,2,3,4,5,6]","[1001,1002,1003]","[1,1,1]",[],"[1,340]","[0,0,0,0,0,0,0,0,0,0,3,3,0,3,3,0,0,0,0,3,0,3,0,0,0,0,0,0,0,0,0,0,0,0,0,0,0,0,0,0,0,0,0,0,0,0,0,0,0,0,0,3,0,3,0,0,0,0,3,3,0,3,3,0]","[32,6,11,7,8,9,10,15,16,19,20,23,14]",2,5,9,19,2,2,10000
243,43,"[4,5,36]","[1,6,3,4]","[1,2,3,4,5,6]","[1001,1002,1003]","[2,3,4]","[5,1,5,7]","[1001,5,1002,5,1003,6]","[0,0,0,0,0,0,0,0,1001,0,0,0,0,0,0,1002,0,1001,0,0,0,0,1002,0,0,0,1001,0,0,1002,0,0,0,0,0,1001,1002,0,0,0,0,0,0,1003,0,0,0,0,0,0,0,0,1003,0,0,0,0,0,0,1003,0,0,0,0]","[32,6,11,7,8,9,10,15,16,19,20,23,14]",2,6,10,19,2,2,10000
244,44,"[4,5,36]","[1,6,3,4]","[1,2,3,4,5,6]","[1002,1001,1003]","[3,0,0]","[5,1,5,7]","[1002,22]","[0,0,0,0,0,0,0,0,1002,1002,0,0,0,0,1002,1002,0,0,0,0,1002,0,0,0,0,0,0,1002,0,0,0,0,1002,1002,0,0,1002,0,1002,1002,0,0,0,1002,0,0,0,0,0,0,0,0,1002,0,0,0,0,0,0,0,0,0,0,0]","[32,6,11,7,8,9,10,15,16,19,20,23,14]",2,5,9,19,2,2,10000
245,45,"[4,5,36]","[1,6,3,4]","[1,2,3,4,5,6]","[1001,1002,1003]","[2,0,0]","[5,1,5,7]","[1001,16]","[0,1001,0,0,0,0,1001,0,0,0,1001,0,0,1001,0,0,0,0,0,1001,1001,0,0,0,0,0,0,0,0,0,0,0,0,0,1001,1001,1001,1001,0,0,0,0,0,0,0,0,0,0,0,0,0,0,0,0,0,0,0,0,0,0,0,0,0,0]","[32,6,11,7,8,9,10,15,16,19,20,23,14]",2,6,10,19,2,2,10000
246,46,"[4,5,36]","[1,6,3,4]","[1,2,3,4,5,6]","[1001,1002,1003]","[2,3,0]","[5,1,5,7]","[1001,11,1002,12]","[0,0,0,0,0,0,0,0,0,0,0,0,0,0,0,0,0,1001,0,0,0,0,1001,0,1002,1001,1002,0,0,1002,1001,1002,0,1001,0,0,0,0,1001,0,0,0,0,0,0,0,0,0,0,0,0,1002,1002,0,0,0,0,0,0,0,0,0,0,0]","[32,6,11,7,8,9,10,15,16,19,20,23,14]",2,6,10,19,2,2,10000
247,47,"[4,5,36]","[1,6,3,4]","[1,2,3,4,5,6]","[1001,1002,1003]","[2,0,0]","[5,1,5,7]","[1001,15]","[0,0,0,0,0,0,0,0,0,1001,0,0,0,0,1001,0,0,0,0,0,0,0,0,0,0,0,0,1001,1001,0,0,0,0,1001,0,0,0,0,1001,0,0,0,0,0,0,0,0,0,0,1001,0,0,0,0,1001,0,0,0,0,0,0,0,0,0]","[32,6,11,7,8,9,10,15,16,19,20,23,14]",2,5,9,19,2,2,10000
248,48,"[4,5,36]","[1,6,3,4]","[1,2,3,4,5,6]","[1003,1002,1001]","[4,0,0]","[5,1,5,7]","[1003,19]","[0,0,0,0,0,0,0,0,0,0,0,0,0,0,0,0,0,0,0,0,0,0,0,0,0,0,0,0,0,0,0,0,0,0,0,0,0,0,0,0,0,0,0,0,0,0,0,0,0,1003,0,1003,0,1003,0,1003,1003,0,1003,0,1003,0,1003,0]","[32,6,11,7,8,9,10,15,16,19,20,23,14]",2,7,11,19,2,2,10000
249,49,"[4,5,36]","[1,6,3]","[1,2,3,4,5,6]","[1001,1002,1003]","[1,1,1]",[],"[1,320]","[3,3,3,0,0,0,0,0,3,0,0,0,0,0,0,0,3,0,3,0,0,0,0,0,0,0,0,3,0,0,0,0,0,0,0,0,3,0,0,0,0,0,0,0,0,3,0,3,0,0,0,0,0,0,0,3,0,0,0,0,0,3,3,3]","[32,6,11,7,8,9,10,15,16,19,20,23,14]",2,7,11,19,2,2,10000
250,50,"[4,5,36]","[1,6,3]","[1,2,3,4,5,6]","[1001,1002,1003]","[1,1,1]",[],"[1,350]","[0,0,3,0,0,0,0,0,0,0,0,3,0,0,0,0,0,0,0,0,3,0,0,0,0,0,0,0,0,3,0,0,3,0,0,0,0,0,3,0,0,3,0,0,0,0,0,3,0,0,3,0,0,0,0,0,0,0,0,3,0,0,0,0]","[32,6,11,7,8,9,10,15,16,19,20,23,14]",5,9,13,19,2,2,10000
251,51,[36],"[1,6,3]","[1,2,3,4,5,6]","[1001,1002,1003]","[1,1,1]",[],"[1,180]","[0,0,0,0,0,0,0,0,0,0,0,3,3,0,0,0,0,0,3,0,0,3,0,0,0,3,0,0,0,0,3,0,0,0,3,0,0,3,0,0,0,0,0,3,3,0,0,0,0,0,0,0,0,0,0,0,0,0,0,0,0,0,0,0]","[32,6,11,7,8,9,10,15,16,19,20,23,14]",3,6,10,19,2,2,10000
252,52,[36],"[1,6,3]","[1,2,3,4,5,6]","[1001,1002,1003]","[1,1,1]",[],"[1,260]","[0,0,0,0,0,0,0,0,0,0,1,1,1,1,0,0,0,1,0,0,0,0,1,0,0,1,0,0,0,0,1,0,0,1,0,0,0,0,1,0,0,1,0,0,0,0,1,0,0,0,1,1,1,1,0,0,0,0,0,0,0,0,0,0]","[32,6,11,7,8,9,10,15,16,19,20,23,14]",3,5,9,19,2,2,10000
253,53,[36],"[1,6,3]","[1,2,3,4,5,6]","[1001,1002,1003]","[1,1,1]",[],"[1,180]","[0,0,0,0,0,0,0,0,0,0,0,3,3,0,0,0,0,0,3,0,0,3,0,0,0,0,0,0,0,0,0,0,0,0,0,3,3,0,0,0,0,0,3,0,0,3,0,0,0,0,0,0,0,0,0,0,0,0,0,3,3,0,0,0]","[32,6,11,7,8,9,10,15,16,19,20,23,14]",3,7,11,19,2,2,10000
254,54,[36],"[1,6,3]","[1,2,3,4,5,6]","[1001,1002,1003]","[1,1,1]",[],"[1,370]","[0,0,0,0,0,0,0,0,0,0,0,0,0,0,0,0,0,0,3,3,3,0,0,3,0,0,0,0,0,0,0,3,0,0,0,0,3,0,0,3,0,0,0,0,0,3,0,0,0,0,0,0,0,0,3,0,0,0,3,3,3,0,0,3]","[32,6,11,7,8,9,10,15,16,19,20,23,14]",3,6,10,19,2,2,10000
255,55,[36],"[1,6,3,4]","[1,2,3,4,5,6]","[1001,1002,1003]","[2,3,0]","[5,1,5,7]","[1001,8,1002,8]","[0,0,0,0,0,0,0,0,1002,0,0,3,0,0,0,1002,0,0,0,1001,0,0,0,0,0,1001,3,3,3,1001,1001,0,0,0,0,1001,0,0,0,0,0,0,0,3,0,0,0,0,1002,0,0,0,0,0,0,1002,0,0,0,0,0,0,0,0]","[32,6,11,7,8,9,10,15,16,19,20,23,14]",3,5,9,19,2,2,10000
256,56,[36],"[1,6,3,4]","[1,2,3,4,5,6]","[1001,1002,1003]","[2,3,0]","[5,1,5,7]","[1001,9,1002,9]","[0,0,0,0,0,0,1002,0,0,3,1001,0,0,0,1002,0,0,1001,3,0,0,0,0,0,0,0,0,0,0,0,0,0,0,0,0,0,0,0,0,0,0,0,0,0,0,3,1001,0,0,0,1002,0,0,1001,3,0,0,0,1002,0,0,0,0,0]","[32,6,11,7,8,9,10,15,16,19,20,23,14]",3,5,9,19,2,2,10000
257,57,[36],"[1,6,3,4]","[1,2,3,4,5,6]","[1001,1002,1003]","[2,0,0]","[5,1,5,7]","[1001,12]","[0,0,0,0,1001,0,0,0,0,0,0,0,0,0,0,0,0,0,1001,0,0,0,0,1001,0,0,0,0,0,0,0,0,3,3,3,3,3,0,0,0,0,0,0,0,0,0,0,0,0,0,1001,0,0,0,0,1001,0,0,0,0,0,0,0,0]","[32,6,11,7,8,9,10,15,16,19,20,23,14]",3,5,9,19,2,2,10000
258,58,[36],"[1,6,3,4]","[1,2,3,4,5,6]","[1001,1002,1003]","[2,3,4]","[5,1,5,7]","[1001,4,1002,4,1003,4]","[0,0,0,0,0,0,0,0,3,0,0,1001,1001,0,0,3,0,3,0,0,0,0,3,0,0,0,3,0,0,3,0,0,0,0,0,0,0,0,0,0,0,0,0,0,0,0,0,0,1002,1002,1002,0,0,1003,1003,1003,0,0,0,3,3,0,0,0]","[32,6,11,7,8,9,10,15,16,19,20,23,14]",3,7,11,19,2,2,10000
259,59,[36],"[1,6,3,4]","[1,2,3,4,5,6]","[1001,1003,1002]","[2,4,0]","[5,1,5,7]","[1001,6,1003,7]","[0,0,0,3,3,0,0,0,1003,0,0,3,3,0,0,1003,0,0,0,3,3,0,0,0,0,0,0,3,3,0,0,0,0,0,3,0,0,3,0,0,0,3,0,0,0,0,3,0,3,0,0,0,0,0,0,3,0,0,0,1001,1001,0,0,0]","[32,6,11,7,8,9,10,15,16,19,20,23,14]",3,5,9,19,2,2,10000
260,60,[36],"[1,6,3,4]","[1,2,3,4,5,6]","[1001,1002,1003]","[2,3,4]","[5,1,5,7]","[1001,9,1002,9,1003,9]","[3,0,0,1003,1003,0,0,3,0,1001,0,0,0,0,1001,0,0,0,1001,0,0,1001,0,0,0,3,0,1002,1002,0,3,0,3,3,0,0,0,0,3,3,0,3,1001,0,0,1001,3,0,0,1001,0,0,0,0,1001,0,3,0,0,1003,1003,0,0,3]","[32,6,11,7,8,9,10,15,16,19,20,23,14]",3,5,9,19,2,2,10000
261,61,[36],"[1,6,3]","[1,2,3,4,5,6]","[1001,1002,1003]","[1,1,1]",[],"[1,320]","[0,0,0,0,0,0,0,0,0,0,0,3,3,0,0,0,0,0,3,0,0,3,0,0,0,0,3,0,0,3,0,0,0,0,0,0,0,0,0,0,0,0,0,0,0,0,0,0,3,0,0,0,0,0,0,3,3,0,0,0,0,0,0,3]","[32,6,11,7,8,9,10,15,16,19,20,23,14]",3,7,11,19,2,2,10000
262,62,[36],"[1,6,3]","[1,2,3,4,5,6]","[1001,1002,1003]","[1,1,1]",[],"[1,240]","[0,0,0,0,0,0,0,0,0,0,0,3,0,0,0,0,0,0,0,3,3,3,0,0,0,0,3,0,0,0,3,3,0,0,3,0,0,0,3,0,0,3,3,0,0,0,3,0,0,0,0,3,3,3,0,0,0,0,0,0,0,3,0,0]","[32,6,11,7,8,9,10,15,16,19,20,23,14]",3,5,9,19,2,2,10000
263,63,[36],"[1,6,3]","[1,2,3,4,5,6]","[1001,1002,1003]","[1,1,1]",[],"[1,150]","[0,0,0,0,0,0,0,0,3,3,3,0,0,0,0,0,0,3,0,0,0,0,0,0,0,3,0,0,0,0,3,0,0,3,0,0,0,0,3,0,0,0,0,0,0,0,3,0,0,0,0,0,0,3,3,3,0,0,0,0,0,0,0,0]","[32,6,11,7,8,9,10,15,16,19,20,23,14]",3,6,10,19,2,2,10000
264,64,[36],"[1,6,3]","[1,2,3,4,5,6]","[1001,1002,1003]","[1,1,1]",[],"[1,310]","[0,0,0,0,0,0,0,0,0,0,0,0,0,0,0,0,0,0,0,0,0,0,0,0,3,0,0,0,0,0,0,0,0,3,0,0,0,0,0,0,3,0,3,0,0,0,0,0,0,3,0,3,0,0,0,0,3,0,3,0,3,0,0,0]","[32,6,11,7,8,9,10,15,16,19,20,23,14]",3,7,11,19,2,2,10000
265,65,[36],"[1,6,3]","[1,2,3,4,5,6]","[1001,1002,1003]","[1,1,1]",[],"[1,350]","[0,0,0,0,0,0,0,0,0,0,0,0,0,0,0,0,3,0,0,3,3,0,0,3,0,3,3,0,0,3,3,0,0,3,3,0,0,3,3,0,3,0,0,3,3,0,0,3,0,0,0,3,3,0,0,0,0,0,0,3,3,0,0,0]","[32,6,11,7,8,9,10,15,16,19,20,23,14]",3,5,9,19,2,2,10000
266,66,[36],"[1,6,3]","[1,2,3,4,5,6]","[1001,1002,1003]","[1,1,1]",[],"[1,300]","[3,3,0,0,0,0,3,3,0,0,3,3,3,3,0,0,0,0,0,0,0,0,0,0,0,0,0,0,0,0,0,0,0,0,0,0,0,0,0,0,0,0,0,0,0,0,0,0,0,0,3,3,3,3,0,0,3,3,0,0,0,0,3,3]","[32,6,11,7,8,9,10,15,16,19,20,23,14]",3,6,10,19,2,2,10000
267,67,[36],"[1,6,3,4]","[1,2,3,4,5,6]","[1001,1002,1003]","[2,0,0]","[5,1,5,7]","[1001,28]","[0,0,0,0,0,0,0,0,0,0,0,0,1001,1001,1001,1001,1001,1001,1001,1001,0,0,0,0,0,0,0,0,0,0,0,0,1001,1001,1001,1001,0,0,0,0,0,0,0,0,1001,1001,1001,1001,0,0,0,0,0,0,0,0,0,0,0,0,0,0,0,0]","[32,6,11,7,8,9,10,15,16,19,20,23,14]",3,5,9,19,2,2,10000
268,68,[36],"[1,6,3,4]","[1,2,3,4,5,6]","[1001,1002,1003]","[2,0,0]","[5,1,5,7]","[1001,20]","[0,0,0,0,0,0,0,0,0,0,0,0,1001,0,1001,0,0,1001,0,1001,0,0,0,0,0,0,0,0,0,0,0,0,0,0,0,0,0,0,0,0,0,0,0,0,1001,0,1001,0,0,1001,0,1001,0,0,0,0,0,0,0,0,0,0,0,0]","[32,6,11,7,8,9,10,15,16,19,20,23,14]",3,6,10,19,2,2,10000
269,69,[36],"[1,6,3,4]","[1,2,3,4,5,6]","[1002,1001,1003]","[3,0,0]","[5,1,5,7]","[1002,11]","[0,0,0,0,0,0,0,0,0,0,0,0,0,0,0,0,0,0,1002,0,0,0,0,0,0,0,0,1002,0,0,0,0,0,0,0,0,1002,0,0,0,0,0,0,0,0,1002,0,0,0,0,0,0,0,0,1002,0,0,0,0,0,0,0,0,0]","[32,6,11,7,8,9,10,15,16,19,20,23,14]",3,6,10,19,2,2,10000
270,70,[36],"[1,6,3,4]","[1,2,3,4,5,6]","[1003,1002,1001]","[4,0,0]","[5,1,5,7]","[1003,30]","[0,0,0,0,0,0,0,0,0,0,0,0,0,0,0,0,0,0,0,0,0,0,0,0,0,0,0,1003,1003,0,0,0,1003,1003,0,0,0,0,1003,1003,0,1003,0,0,0,0,1003,0,1003,1003,0,1003,1003,0,1003,1003,0,0,1003,0,0,1003,0,0]","[32,6,11,7,8,9,10,15,16,19,20,23,14]",3,6,10,19,2,2,10000
271,71,[36],"[1,6,3,4]","[1,2,3,4,5,6]","[1001,1002,1003]","[2,0,0]","[5,1,5,7]","[1001,22]","[0,0,0,0,0,0,0,0,0,0,0,0,0,0,0,0,1001,1001,1001,0,1001,1001,1001,1001,0,0,0,1001,1001,0,0,0,0,0,0,1001,1001,0,0,0,0,0,0,1001,1001,0,0,0,0,0,0,1001,1001,0,0,0,0,0,0,0,0,0,0,0]","[32,6,11,7,8,9,10,15,16,19,20,23,14]",3,6,10,19,2,2,10000
272,72,[36],"[1,6,3,4]","[1,2,3,4,5,6]","[1001,1002,1003]","[2,0,0]","[5,1,5,7]","[1001,20]","[0,0,0,0,0,0,0,0,0,0,1001,1001,1001,1001,0,0,0,0,0,3,0,0,0,0,0,0,0,3,0,0,0,0,0,1001,1001,3,3,1001,1001,0,0,0,0,0,3,0,0,0,0,0,0,0,3,0,0,0,1001,1001,1001,0,0,0,1001,1001]","[32,6,11,7,8,9,10,15,16,19,20,23,14]",3,4,8,19,2,2,10000
273,73,[36],"[1,6,3]","[1,2,3,4,5,6]","[1001,1002,1003]","[1,1,1]",[],"[1,320]","[0,0,0,0,0,0,0,0,0,0,0,0,0,0,0,0,3,0,3,0,0,3,0,3,0,3,0,0,0,0,3,0,3,0,3,0,0,3,0,3,0,0,0,0,0,0,0,0,0,0,0,0,0,0,0,0,0,0,0,0,0,0,0,0]","[32,6,11,7,8,9,10,15,16,19,20,23,14]",3,7,11,19,2,2,10000
274,74,[36],"[1,6,3]","[1,2,3,4,5,6]","[1001,1002,1003]","[1,1,1]",[],"[1,270]","[0,0,0,0,0,0,0,0,0,0,0,0,0,0,0,0,0,0,3,0,0,0,3,0,0,0,0,3,0,3,0,0,0,0,0,0,3,0,0,0,0,0,0,3,0,3,0,0,0,0,3,0,3,0,3,0,0,0,0,0,0,0,0,0]","[32,6,11,7,8,9,10,15,16,19,20,23,14]",3,6,10,19,2,2,10000
275,75,[36],"[1,6,3]","[1,2,3,4,5,6]","[1001,1002,1003]","[1,1,1]",[],"[1,180]","[0,0,0,0,0,0,0,0,0,0,0,0,3,0,0,0,0,0,0,3,0,3,0,0,0,0,3,0,0,0,3,0,0,0,0,0,0,0,0,0,0,0,0,0,0,0,0,0,0,0,3,0,3,0,3,0,0,0,0,3,0,3,0,0]","[32,6,11,7,8,9,10,15,16,19,20,23,14]",3,6,10,19,2,2,10000
276,76,[36],"[1,6,3]","[1,2,3,4,5,6]","[1001,1002,1003]","[1,1,1]",[],"[1,360]","[0,0,0,0,0,0,0,0,0,0,0,0,0,0,0,0,3,3,3,0,3,3,3,3,0,0,0,0,0,0,0,0,0,0,0,0,0,0,0,0,3,3,3,3,0,3,3,3,3,3,3,3,0,3,3,3,0,0,0,0,0,0,0,0]","[32,6,11,7,8,9,10,15,16,19,20,23,14]",3,5,9,19,2,2,10000
277,77,[36],"[1,6,3]","[1,2,3,4,5,6]","[1001,1002,1003]","[1,1,1]",[],"[1,230]","[0,0,0,0,0,0,0,0,0,0,0,0,0,0,0,0,0,3,0,0,0,0,3,0,0,3,3,3,3,3,3,0,0,3,0,0,0,0,3,0,0,0,0,0,0,0,0,0,0,0,0,0,0,0,0,0,0,0,0,0,0,0,0,0]","[32,6,11,7,8,9,10,15,16,19,20,23,14]",3,5,9,19,2,2,10000
278,78,[36],"[1,6,3]","[1,2,3,4,5,6]","[1001,1002,1003]","[1,1,1]",[],"[1,330]","[0,0,0,0,0,0,0,0,0,3,3,0,0,3,3,0,0,0,3,0,0,3,0,0,0,0,0,0,0,0,0,0,0,0,0,0,0,0,0,0,0,0,0,0,0,0,0,0,0,0,3,0,0,3,0,0,0,3,3,0,0,3,3,0]","[32,6,11,7,8,9,10,15,16,19,20,23,14]",3,5,9,19,2,2,10000
279,79,[36],"[1,6,3,4]","[1,2,3,4,5,6]","[1001,1002,1003]","[2,3,4]","[5,1,5,7]","[1001,6,1002,6,1003,6]","[0,0,0,0,0,0,0,0,0,0,0,0,0,0,0,0,0,0,0,0,0,0,0,0,0,1002,1002,0,0,1002,1002,0,0,0,0,0,0,0,0,0,0,0,0,1002,1002,0,0,0,0,1001,1001,0,0,1001,1001,0,0,0,0,0,0,0,0,0]","[32,6,11,7,8,9,10,15,16,19,20,23,14]",3,6,10,19,2,2,10000
280,80,[36],"[1,6,3,4]","[1,2,3,4,5,6]","[1002,1001,1003]","[3,0,0]","[5,1,5,7]","[1002,22]","[0,0,0,0,0,0,0,0,0,1002,1002,0,0,1002,1002,0,0,0,0,0,0,0,0,0,0,0,0,1002,1002,0,0,0,0,1002,1002,0,0,1002,1002,0,0,0,0,0,0,0,0,0,0,0,0,0,0,0,0,0,0,0,0,0,0,0,0,0]","[32,6,11,7,8,9,10,15,16,19,20,23,14]",3,5,9,19,2,2,10000
281,81,[],"[1,6,3,4]","[1,2,3,4,5,6]","[1001,1002,1003]","[2,0,0]","[5,1,5,7]","[1001,20]","[0,0,0,0,0,0,0,0,1001,1001,1001,0,0,1001,1001,1001,0,0,0,0,0,0,0,0,0,0,0,1001,1001,0,0,0,1001,1001,1001,0,0,1001,1001,1001,0,0,1001,0,0,1001,0,0,0,0,0,0,0,0,0,0,0,0,0,0,0,0,0,0]","[32,6,11,7,8,9,10,15,16,19,20,23,14]",3,6,10,19,2,2,10000
282,82,[],"[1,6,3,4]","[1,2,3,4,5,6]","[1001,1002,1003]","[2,3,0]","[5,1,5,7]","[1001,13,1002,13]","[0,0,0,0,0,0,0,0,0,0,0,0,1,0,0,0,0,1001,0,0,1,0,1001,0,1002,1001,1002,0,0,1002,1001,1002,0,1001,0,0,1002,0,1001,0,0,0,0,0,1002,0,0,0,0,0,0,0,1002,0,0,0,0,0,0,0,0,0,0,0]","[32,6,11,7,8,9,10,15,16,19,20,23,14]",3,6,10,19,2,2,10000
283,83,[],"[1,6,3,4]","[1,2,3,4,5,6]","[1001,1002,1003]","[2,0,0]","[5,1,5,7]","[1001,16]","[0,0,0,0,0,0,0,0,0,0,0,0,0,0,0,0,0,1001,0,0,0,0,1001,0,1001,0,0,0,0,0,0,1001,0,0,0,0,0,0,0,0,0,1001,0,0,0,0,1001,0,1001,0,0,0,0,0,0,1001,0,1001,0,0,0,0,1001,0]","[32,6,11,7,8,9,10,15,16,19,20,23,14]",3,5,9,19,2,2,10000
284,84,[],"[1,6,3,4]","[1,2,3,4,5,6]","[1003,1002,1001]","[4,0,0]","[5,1,5,7]","[1003,27]","[0,1003,0,1003,0,1003,0,1003,1003,0,1003,0,1003,0,1003,0,0,0,0,0,0,0,0,0,0,0,0,0,0,0,0,0,0,0,0,0,0,0,0,0,0,0,0,0,0,0,0,0,0,0,0,0,0,0,0,0,0,1003,0,1003,0,1003,0,1003]","[32,6,11,7,8,9,10,15,16,19,20,23,14]",3,7,11,19,2,2,10000
285,85,[],"[1,6,3]","[1,2,3,4,5,6]","[1001,1002,1003]","[1,1,1]",[],"[1,330]","[3,3,3,0,0,0,0,0,3,0,0,0,0,0,0,0,3,0,3,3,3,0,0,0,0,0,3,0,0,0,0,0,0,0,3,0,3,0,0,0,0,0,0,0,0,3,0,0,0,0,0,0,0,0,3,0,0,0,0,0,0,0,0,3]","[32,6,11,7,8,9,10,15,16,19,20,23,14]",3,7,11,19,2,2,10000
286,86,[],"[1,6,3]","[1,2,3,4,5,6]","[1001,1002,1003]","[1,1,1]",[],"[1,370]","[3,0,0,3,0,0,0,0,0,3,0,0,3,0,0,0,0,0,3,0,0,3,0,0,0,0,0,0,0,0,3,0,0,0,0,0,0,0,0,3,0,0,0,0,0,3,0,0,0,0,0,0,0,0,3,0,0,0,0,0,0,0,0,3]","[32,6,11,7,8,9,10,15,16,19,20,23,14]",3,7,11,19,2,2,10000
287,87,[],"[1,6,3]","[1,2,3,4,5,6]","[1001,1002,1003]","[1,1,1]",[],"[1,250]","[0,0,0,0,0,0,0,0,0,0,0,0,0,0,0,0,0,0,0,3,3,0,0,0,0,0,0,3,3,0,0,0,0,0,3,0,0,3,0,0,0,0,0,3,3,0,0,0,0,0,0,3,3,0,0,0,0,0,0,0,0,0,0,0]","[32,6,11,7,8,9,10,15,16,19,20,23,14]",3,6,10,19,2,2,10000
288,88,[],"[1,6,3]","[1,2,3,4,5,6]","[1001,1002,1003]","[1,1,1]",[],"[1,360]","[0,0,0,0,0,0,0,0,0,3,3,3,3,3,3,0,0,3,0,0,0,0,0,0,0,3,0,0,0,0,0,0,0,0,0,0,0,0,3,0,0,0,0,0,0,0,3,0,0,3,3,3,3,3,3,0,0,0,0,0,0,0,0,0]","[32,6,11,7,8,9,10,15,16,19,20,23,14]",3,5,9,19,2,2,10000
289,89,[],"[1,6,3]","[1,2,3,4,5,6]","[1001,1002,1003]","[1,1,1]",[],"[1,320]","[0,0,0,3,3,0,0,0,0,0,0,3,3,0,0,0,0,0,3,3,3,3,0,0,0,0,0,0,0,0,0,0,0,0,0,3,3,0,0,0,0,0,0,3,3,0,0,0,0,0,0,0,0,0,0,0,0,0,0,3,3,0,0,0]","[32,6,11,7,8,9,10,15,16,19,20,23,14]",3,7,11,19,2,2,10000
290,90,[],"[1,6,3]","[1,2,3,4,5,6]","[1001,1002,1003]","[1,1,1]",[],"[1,380]","[0,0,0,0,0,0,0,0,0,0,3,3,3,0,0,0,0,0,0,0,0,0,0,0,0,0,0,3,0,0,0,0,0,0,0,0,3,0,0,0,0,0,0,0,0,3,0,0,0,0,0,0,0,0,3,0,0,0,3,3,3,0,0,3]","[32,6,11,7,8,9,10,15,16,19,20,23,14]",3,6,10,19,2,2,10000
291,91,[],"[1,6,3,4]","[1,2,3,4,5,6]","[1001,1002,1003]","[2,3,0]","[5,1,5,7]","[1001,9,1002,9]","[0,0,0,0,0,0,0,0,1002,0,0,0,0,0,0,1002,0,0,0,3,3,0,0,0,0,0,0,1001,1001,0,0,0,0,1001,3,3,3,3,1001,0,0,0,0,0,0,0,0,0,1002,0,0,0,0,0,0,1002,0,0,0,0,0,0,0,0]","[32,6,11,7,8,9,10,15,16,19,20,23,14]",3,5,9,19,2,2,10000
292,92,[],"[1,6,3,4]","[1,2,3,4,5,6]","[1001,1002,1003]","[2,3,0]","[5,1,5,7]","[1001,10,1002,10]","[0,0,0,0,0,0,0,0,3,0,0,0,0,0,1002,0,0,3,1001,0,0,0,1002,0,0,1001,3,0,0,0,0,0,0,0,0,0,0,0,0,0,0,0,0,0,0,3,1001,0,0,1002,0,0,0,1001,3,0,0,1002,0,0,0,0,0,3]","[32,6,11,7,8,9,10,15,16,19,20,23,14]",3,5,9,19,2,2,10000
293,93,[],"[1,6,3,4]","[1,2,3,4,5,6]","[1001,1002,1003]","[2,0,0]","[5,1,5,7]","[1001,16]","[0,0,0,0,1001,0,0,0,0,0,0,0,0,0,0,0,0,0,1001,0,0,0,0,1001,0,0,0,0,0,0,0,0,3,3,3,3,3,0,0,0,0,0,0,0,0,0,0,0,0,0,1001,0,0,0,0,1001,0,0,0,0,0,0,0,0]","[32,6,11,7,8,9,10,15,16,19,20,23,14]",3,5,9,19,2,2,10000
294,94,[],"[1,6,3,4]","[1,2,3,4,5,6]","[1001,1002,1003]","[2,3,4]","[5,1,5,7]","[1001,6,1002,6,1003,6]","[0,0,0,0,0,0,0,0,0,0,3,0,0,3,0,0,0,0,0,1001,1001,0,0,0,0,3,0,0,0,0,3,0,0,0,3,0,0,3,0,0,0,0,0,0,0,0,0,0,1002,1002,1002,0,0,1003,1003,1003,0,0,0,3,3,0,0,0]","[32,6,11,7,8,9,10,15,16,19,20,23,14]",3,7,11,19,2,2,10000
295,95,[],"[1,6,3,4]","[1,2,3,4,5,6]","[1001,1003,1002]","[2,4,0]","[5,1,5,7]","[1001,6,1003,6]","[0,0,0,3,3,0,0,0,1003,0,0,3,3,0,0,1003,0,0,0,0,0,0,0,0,0,0,0,0,0,0,0,0,0,0,3,0,0,3,0,0,0,3,0,0,0,0,3,0,3,0,0,0,0,0,0,3,0,0,1001,1001,1001,1001,0,0]","[32,6,11,7,8,9,10,15,16,19,20,23,14]",3,5,9,19,2,2,10000
296,96,[],"[1,6,3,4]","[1,2,3,4,5,6]","[1001,1002,1003]","[2,3,4]","[5,1,5,7]","[1001,10,1002,10,1003,10]","[0,1001,0,1001,0,1002,0,1003,1003,0,1003,0,1003,0,1003,0,0,0,0,0,0,0,0,0,0,0,0,0,0,0,0,0,0,0,0,0,0,0,0,0,0,0,0,0,0,0,0,0,0,0,0,0,0,0,0,0,1003,0,1003,0,3,1003,3,1002]","[32,6,11,7,8,9,10,15,16,19,20,23,14]",3,5,9,19,2,2,10000
297,97,[],"[1,6,3,4]","[1,2,3,4,5,6]","[1001,1002,1003]","[2,0,0]","[5,1,5,7]","[1001,25]","[0,0,0,0,0,0,0,0,0,0,0,0,0,0,0,0,0,1001,1001,1001,1001,0,0,0,0,0,0,0,1001,0,0,0,0,0,0,0,0,0,0,0,0,0,0,1001,0,0,0,0,0,0,0,1001,1001,1001,1001,0,0,0,0,0,0,0,0,0]","[32,6,11,7,8,9,10,15,16,19,20,23,14]",3,5,9,19,2,2,10000
298,98,[],"[1,6,3]","[1,2,3,4,5,6]","[1001,1002,1003]","[1,1,1]",[],"[1,500]","[0,0,0,3,3,0,0,0,0,0,0,3,3,0,0,0,0,0,3,0,0,3,0,0,0,0,3,0,0,3,0,0,0,0,0,0,0,0,0,0,3,0,0,0,0,0,0,3,3,0,0,0,0,0,0,3,0,0,0,0,0,0,0,0]","[32,6,11,7,8,9,10,15,16,19,20,23,14]",3,7,17,30,2,2,10000
