id,type,getItem,CdTime,CdItem,maxValue,costItem,obstacleID
101,1,"[[1003,15],[1003,15],[1003,15],[1003,15]]","[300,300,300,300]","[[13001,1],[13001,1],[13001,1],[13001,1]]","[15,15,15,15]","[7001,7002,7003,7004,7005]",300068
380,2,"[[4128,1]]",[0],[],[8],[4126],380
413,2,"[[4139,1]]",[0],[],[12],[4143],413
458,2,"[[4287,3]]",[0],[],[5],[4285],458
31410,2,"[[2000254,1]]",[0],[],[3],[2000272],31410
1645,2,"[[4647,3]]",[0],[],[3],[4637],1645
690,2,"[[4549,1]]",[0],[],[10],[4545],690
691,2,"[[4550,1]]",[0],[],[15],[4558],691
692,2,"[[4551,1]]",[0],[],[20],[4559],692
