id,level,smallBpId,exp,icon,normalType,normalReward,vipType,vipReward,title,desc,specialReward,stageReward,payIcon,payLabel,payshopid,
1,0,110,500,ui_active_bp_buy_icon_extra1,0,"[1003,30]",1,[1],eventmapslot,eventmapslot_desc,1,0,"[3,51002]",[],800,
2,1,110,300,,0,"[1002,500]",0,"[1001,3]",,,0,0,[],[],0,
3,2,110,200,,0,"[1003,50]",0,"[42000,10]",,,0,1,"[1,42000]",[],0,
4,3,110,500,,0,"[1001,3]",0,"[11001,2]",,,1,1,"[4,11001]",[],0,
5,4,110,500,,0,"[42000,3]",0,"[1003,100]",,,0,0,[],[],0,
6,5,110,500,,0,"[11001,1]",0,"[15000,10]",,,0,0,[],[],0,
7,6,110,500,,0,"[1002,1000]",0,"[1001,5]",,,0,0,[],[],0,
8,7,110,500,,0,"[15000,3]",0,"[34011,20]",,,1,1,"[2,34011]",[],0,
9,8,110,500,,0,"[1001,5]",0,"[11001,2]",,,0,0,[],[],0,
10,9,110,500,,0,"[1003,60]",0,"[15000,20]",,,0,0,"[6,15000]",[],0,
11,10,110,500,,0,"[11001,1]",0,"[34011,40]",,,1,1,[],[],0,
12,11,110,1000,,0,"[1002,1500]",0,"[1002,3000]",,,0,0,[],[],0,
13,12,110,1000,,0,"[15000,5]",0,"[42000,20]",,,0,0,[],[],0,
14,13,110,1000,ui_active_bp_dragon_110,0,"[1003,80]",2,"[144101,1]",dragon_name_144101,dragon_desc_144101,1,1,"[7,144101]",[],0,
15,14,110,1000,,0,"[42000,5]",0,"[11001,2]",,,0,0,[],[],0,
16,15,110,-1,,0,"[1003,300]",0,"[1001,20]",,,1,1,"[5,51001]",[],0,
17,0,111,500,ui_active_bp_buy_icon_extra1,0,"[1003,30]",1,[1],eventmapslot,eventmapslot_desc,1,0,"[3,51002]",[],800,
18,1,111,300,,0,"[1002,500]",0,"[1001,3]",,,0,0,[],[],0,
19,2,111,200,,0,"[1003,50]",0,"[42000,10]",,,0,1,"[6,42000]",[],0,
20,3,111,500,,0,"[1001,3]",0,"[11001,2]",,,1,1,"[4,11001]",[],0,
21,4,111,500,,0,"[42000,3]",0,"[1003,100]",,,0,0,[],[],0,
22,5,111,500,,0,"[11001,1]",0,"[15000,10]",,,0,0,[],[],0,
23,6,111,500,,0,"[1002,1000]",0,"[83003,20]",,,1,1,"[1,83003]",[],0,
24,7,111,500,,0,"[15000,3]",0,"[34012,20]",,,0,0,"[2,34012]",[],0,
25,8,111,500,,0,"[1001,5]",0,"[11001,2]",,,0,0,[],[],0,
26,9,111,500,,0,"[1003,60]",0,"[15000,20]",,,0,0,[],[],0,
27,10,111,500,,0,"[11001,1]",0,"[34012,40]",,,1,1,[],[],0,
28,11,111,1000,,0,"[1002,1500]",0,"[1002,3000]",,,0,0,[],[],0,
29,12,111,1000,,0,"[15000,5]",0,"[42000,20]",,,0,0,[],[],0,
30,13,111,1000,ui_active_bp_fa_111,0,"[1003,80]",2,"[303001,1]",partner_name_303,partner_desc_303,1,1,"[7,303001]",[],0,
31,14,111,1000,,0,"[42000,5]",0,"[11001,2]",,,0,0,[],[],0,
32,15,111,-1,,0,"[1003,300]",0,"[1001,20]",,,1,1,"[5,51001]",[],0,
33,0,112,500,ui_active_bp_buy_icon_extra1,0,"[1003,30]",1,[1],eventmapslot,eventmapslot_desc,1,0,"[3,51002]",[],800,
34,1,112,300,,0,"[1002,500]",0,"[1001,3]",,,0,0,[],[],0,
35,2,112,200,,0,"[1003,50]",0,"[42000,10]",,,0,1,"[6,42000]",[],0,
36,3,112,500,,0,"[1001,3]",0,"[11001,2]",,,1,1,"[4,11001]",[],0,
37,4,112,500,,0,"[42000,3]",0,"[1003,100]",,,0,0,[],[],0,
38,5,112,500,,0,"[11001,1]",0,"[15000,10]",,,0,0,[],[],0,
39,6,112,500,,0,"[1002,1000]",0,"[83002,20]",,,1,1,"[1,83002]",[],0,
40,7,112,500,,0,"[15000,3]",0,"[34013,20]",,,0,0,"[2,34013]",[],0,
41,8,112,500,,0,"[1001,5]",0,"[11001,2]",,,0,0,[],[],0,
42,9,112,500,,0,"[1003,60]",0,"[15000,20]",,,0,0,[],[],0,
43,10,112,500,,0,"[11001,1]",0,"[34013,40]",,,1,1,[],[],0,
44,11,112,1000,,0,"[1002,1500]",0,"[1002,3000]",,,0,0,[],[],0,
45,12,112,1000,,0,"[15000,5]",0,"[42000,20]",,,0,0,[],[],0,
46,13,112,1000,cinderellaemo01_head,0,"[1003,80]",2,"[302001,1]",partner_name_302,partner_desc_302,1,1,"[7,302001]",[],0,
47,14,112,1000,,0,"[42000,5]",0,"[11001,2]",,,0,0,[],[],0,
48,15,112,-1,,0,"[1003,300]",0,"[1001,20]",,,1,1,"[5,51001]",[],0,
65,0,114,500,ui_active_bp_buy_icon_extra1,0,"[1003,30]",1,[1],eventmapslot,eventmapslot_desc,1,0,"[3,51002]",[],800,
66,1,114,300,,0,"[1002,500]",0,"[1001,3]",,,0,0,[],[],0,
67,2,114,200,,0,"[1003,50]",0,"[42000,10]",,,0,1,"[6,42000]",[],0,
68,3,114,500,,0,"[1001,3]",0,"[11001,2]",,,1,1,"[4,11001]",[],0,
69,4,114,500,,0,"[42000,3]",0,"[1003,100]",,,0,0,[],[],0,
70,5,114,500,,0,"[11001,1]",0,"[15000,10]",,,0,0,[],[],0,
71,6,114,500,,0,"[1002,1000]",0,"[83007,20]",,,1,1,"[1,83007]",[],0,
72,7,114,500,,0,"[15000,3]",0,"[34015,20]",,,0,0,"[2,34015]",[],0,
73,8,114,500,,0,"[1001,5]",0,"[11001,2]",,,0,0,[],[],0,
74,9,114,500,,0,"[1003,60]",0,"[15000,20]",,,0,0,[],[],0,
75,10,114,500,,0,"[11001,1]",0,"[34015,40]",,,1,1,[],[],0,
76,11,114,1000,,0,"[1002,1500]",0,"[1002,3000]",,,0,0,[],[],0,
77,12,114,1000,,0,"[15000,5]",0,"[42000,20]",,,0,0,[],[],0,
78,13,114,1000,ui_active_bp_dragon_114,0,"[1003,80]",2,"[307001,1]",partner_name_307,partner_desc_307,1,1,"[7,307001]",[],0,
79,14,114,1000,,0,"[42000,5]",0,"[11001,2]",,,0,0,[],[],0,
80,15,114,-1,,0,"[1003,300]",0,"[1001,20]",,,1,1,"[5,51001]",[],0,
81,0,115,500,ui_active_bp_buy_icon_extra1,0,"[1003,30]",1,[1],eventmapslot,eventmapslot_desc,1,0,"[3,51002]",[],800,
82,1,115,300,,0,"[1002,500]",0,"[1001,3]",,,0,0,[],[],0,
83,2,115,200,,0,"[1003,50]",0,"[42000,10]",,,0,1,"[6,90021]",[],0,
84,3,115,500,,0,"[1001,3]",0,"[11001,2]",,,1,1,"[4,11001]",[],0,
85,4,115,500,,0,"[42000,3]",0,"[1003,100]",,,0,0,[],[],0,
86,5,115,500,,0,"[11001,1]",0,"[90021,3]",,,0,0,[],[],0,
87,6,115,500,,0,"[1002,1000]",0,"[83006,20]",,,1,1,"[1,83006]",[],0,
88,7,115,500,,0,"[15000,3]",0,"[34016,20]",,,0,0,"[2,34016]",[],0,
89,8,115,500,,0,"[1001,5]",0,"[11001,2]",,,0,0,[],[],0,
90,9,115,500,,0,"[1003,60]",0,"[90021,6]",,,0,0,[],[],0,
91,10,115,500,,0,"[11001,1]",0,"[34016,40]",,,1,1,[],[],0,
92,11,115,1000,,0,"[1002,1500]",0,"[90021,10]",,,0,0,[],[],0,
93,12,115,1000,,0,"[15000,5]",0,"[42000,20]",,,0,0,[],[],0,
94,13,115,1000,ui_active_bp_dragon_115,0,"[1003,80]",2,"[306001,1]",partner_name_306,partner_desc_306,1,1,"[7,306001]",[],0,
95,14,115,1000,,0,"[42000,5]",0,"[11001,2]",,,0,0,[],[],0,
96,15,115,-1,,0,"[1003,300]",0,"[1001,20]",,,1,1,"[5,51001]",[],0,
97,0,116,200,ui_active_bp_dragon_116,0,"[1003,10]",2,"[309001,1]",partner_name_309,partner_desc_309,1,1,"[3,309001]",[],800,
98,1,116,200,ui_active_bp_buy_icon_extra1,0,"[1003,10]",1,[1],eventmapslot,eventmapslot_desc,1,0,"[1,51002]",[],0,
99,2,116,300,,0,"[1003,10]",0,"[1003,50]",,,0,0,[],[],0,
100,3,116,300,,0,"[1003,10]",0,"[1003,50]",,,0,0,[],[],0,
101,4,116,400,,0,"[1003,10]",0,"[1003,50]",,,0,0,[],[],0,
102,5,116,400,,0,"[1003,15]",0,"[1003,80]",,,0,0,[],[],0,
103,6,116,500,,0,"[1003,15]",0,"[1003,80]",,,0,0,[],[],0,
104,7,116,500,,0,"[1003,15]",0,"[1003,80]",,,0,0,[],[],0,
105,8,116,500,,0,"[1003,20]",0,"[1003,100]",,,0,1,[],[],0,
106,9,116,600,,0,"[1003,20]",0,"[1003,100]",,,0,0,[],[],0,
107,10,116,600,,0,"[1003,20]",0,"[1003,100]",,,0,0,[],[],0,
108,11,116,800,,0,"[1003,30]",0,"[1003,200]",,,0,0,[],[],0,
109,12,116,800,,0,"[1003,30]",0,"[1003,200]",,,0,0,[],[],0,
110,13,116,1000,,0,"[1003,30]",0,"[1003,200]",,,0,0,[],[],0,
111,14,116,1000,,0,"[1003,60]",0,"[11001,4]",,,1,1,"[2,11001]",[],0,
112,15,116,-1,,0,"[1003,100]",0,"[1003,800]",,,1,0,[],[],0,
129,0,119,500,ui_active_bp_buy_icon_extra1,0,"[1003,30]",1,[1],eventmapslot,eventmapslot_desc,1,0,"[3,51002]",[],800,
130,1,119,300,,0,"[1002,500]",0,"[1001,3]",,,0,0,[],[],0,
131,2,119,200,,0,"[1003,50]",0,"[42000,10]",,,0,1,"[6,42000]",[],0,
132,3,119,500,,0,"[1001,3]",0,"[11001,2]",,,1,1,"[4,11001]",[],0,
133,4,119,500,,0,"[42000,3]",0,"[1003,100]",,,0,0,[],[],0,
134,5,119,500,,0,"[11001,1]",0,"[15000,10]",,,0,0,[],[],0,
135,6,119,500,,0,"[1002,1000]",0,"[83012,20]",,,1,1,"[1,83012]",[],0,
136,7,119,500,,0,"[15000,3]",0,"[34019,20]",,,0,0,"[2,34019]",[],0,
137,8,119,500,,0,"[1001,5]",0,"[11001,2]",,,0,0,[],[],0,
138,9,119,500,,0,"[1003,60]",0,"[15000,20]",,,0,0,[],[],0,
139,10,119,500,,0,"[11001,1]",0,"[34019,40]",,,1,1,[],[],0,
140,11,119,1000,,0,"[1002,1500]",0,"[1002,3000]",,,0,0,[],[],0,
141,12,119,1000,,0,"[15000,5]",0,"[42000,20]",,,0,0,[],[],0,
142,13,119,1000,ui_active_bp_dragon_119,0,"[1003,80]",2,"[312001,1]",partner_name_312,partner_desc_312,1,1,"[7,312001]",[],0,
143,14,119,1000,,0,"[42000,5]",0,"[11001,2]",,,0,0,[],[],0,
144,15,119,-1,,0,"[1003,300]",0,"[1001,20]",,,1,1,"[5,51001]",[],0,
161,0,105,500,ui_active_bp_buy_icon_extra1,0,"[1003,30]",1,[1],eventmapslot,eventmapslot_desc,1,0,"[3,51002]",[],800,
162,1,105,300,,0,"[1002,500]",0,"[1001,3]",,,0,0,[],[],0,
163,2,105,200,,0,"[1003,50]",0,"[42000,10]",,,0,1,"[6,42000]",[],0,
164,3,105,500,,0,"[1001,3]",0,"[11001,2]",,,1,1,"[4,11001]",[],0,
165,4,105,500,,0,"[42000,3]",0,"[1003,100]",,,0,0,[],[],0,
166,5,105,500,,0,"[11001,1]",0,"[15000,10]",,,0,0,[],[],0,
167,6,105,500,,0,"[1002,1000]",0,"[83013,20]",,,1,1,"[1,83013]",[],0,
168,7,105,500,,0,"[15000,3]",0,"[34005,20]",,,0,0,"[2,34005]",[],0,
169,8,105,500,,0,"[1001,5]",0,"[11001,2]",,,0,0,[],[],0,
170,9,105,500,,0,"[1003,60]",0,"[15000,20]",,,0,0,[],[],0,
171,10,105,500,,0,"[11001,1]",0,"[34005,40]",,,1,1,[],[],0,
172,11,105,1000,,0,"[1002,1500]",0,"[1002,3000]",,,0,0,[],[],0,
173,12,105,1000,,0,"[15000,5]",0,"[42000,20]",,,0,0,[],[],0,
174,13,105,1000,ui_active_bp_dragon_105,0,"[1003,80]",2,"[313001,1]",partner_name_313,partner_desc_313,1,1,"[7,313001]",[],0,
175,14,105,1000,,0,"[42000,5]",0,"[11001,2]",,,0,0,[],[],0,
176,15,105,-1,,0,"[1003,300]",0,"[1001,20]",,,1,1,"[5,51001]",[],0,
145,0,121,500,ui_active_bp_buy_icon_extra1,0,"[1003,30]",1,[1],eventmapslot,eventmapslot_desc,1,0,"[3,51002]",[],800,
146,1,121,300,,0,"[1001,5]",0,"[1001,15]",,,0,0,[],[],0,
147,2,121,200,,0,"[1003,50]",0,"[42000,10]",,,0,1,"[6,42000]",[],0,
148,3,121,500,,0,"[1001,10]",0,"[11001,2]",,,1,1,"[4,11001]",[],0,
149,4,121,500,,0,"[42000,3]",0,"[1003,100]",,,0,0,[],[],0,
150,5,121,500,,0,"[11001,1]",0,"[1001,20]",,,0,0,[],[],0,
151,6,121,500,,0,"[1001,15]",0,"[83014,20]",,,1,1,"[1,83014]",[],0,
152,7,121,500,,0,"[1001,15]",0,"[34021,20]",,,0,0,"[2,34021]",[],0,
153,8,121,500,,0,"[1001,15]",0,"[11001,2]",,,0,0,[],[],0,
154,9,121,500,,0,"[1003,60]",0,"[1001,50]",,,0,0,[],[],0,
155,10,121,500,,0,"[11001,1]",0,"[34021,40]",,,1,1,[],[],0,
156,11,121,1000,,0,"[1001,15]",0,"[1001,65]",,,0,0,[],[],0,
157,12,121,1000,,0,"[1001,30]",0,"[42000,20]",,,0,0,[],[],0,
158,13,121,1000,ui_active_bp_dragon_121,0,"[1003,80]",2,"[314001,1]",partner_name_314,partner_desc_314,1,1,"[7,314001]",[],0,
159,14,121,1000,,0,"[42000,5]",0,"[11001,2]",,,0,0,[],[],0,
160,15,121,-1,,0,"[1003,300]",0,"[1001,150]",,,1,1,"[5,51001]",[],0,
177,0,108,500,ui_active_bp_buy_icon_extra1,0,"[1003,30]",1,[1],eventmapslot,eventmapslot_desc,1,0,"[3,51002]",[],800,
178,1,108,300,,0,"[1001,5]",0,"[1001,15]",,,0,0,[],[],0,
179,2,108,200,,0,"[1003,50]",0,"[42000,10]",,,0,1,"[6,42000]",[],0,
180,3,108,500,,0,"[1001,10]",0,"[11001,2]",,,1,1,"[4,11001]",[],0,
181,4,108,500,,0,"[42000,3]",0,"[1003,100]",,,0,0,[],[],0,
182,5,108,500,,0,"[11001,1]",0,"[1001,20]",,,0,0,[],[],0,
183,6,108,500,,0,"[1001,15]",0,"[83015,20]",,,1,1,"[1,83015]",[],0,
184,7,108,500,,0,"[1001,15]",0,"[34006,20]",,,0,0,"[2,34006]",[],0,
185,8,108,500,,0,"[1001,15]",0,"[11001,2]",,,0,0,[],[],0,
186,9,108,500,,0,"[1003,60]",0,"[1001,50]",,,0,0,[],[],0,
187,10,108,500,,0,"[11001,1]",0,"[34006,40]",,,1,1,[],[],0,
188,11,108,1000,,0,"[1001,15]",0,"[1001,65]",,,0,0,[],[],0,
189,12,108,1000,,0,"[1001,30]",0,"[42000,20]",,,0,0,[],[],0,
190,13,108,1000,ui_active_bp_dragon_108,0,"[1003,80]",2,"[315001,1]",partner_name_315,partner_desc_315,1,1,"[7,315001]",[],0,
191,14,108,1000,,0,"[42000,5]",0,"[11001,2]",,,0,0,[],[],0,
192,15,108,-1,,0,"[1003,300]",0,"[1001,150]",,,1,1,"[5,51001]",[],0,
193,0,124,200,ui_active_bp_dragon_124,0,"[1003,10]",2,"[316001,1]",partner_name_316,partner_desc_316,1,1,"[3,316001]",[],800,
194,1,124,200,ui_active_bp_buy_icon_extra1,0,"[1003,10]",1,[1],eventmapslot,eventmapslot_desc,1,0,"[1,51002]",[],0,
195,2,124,300,,0,"[1003,10]",0,"[1003,50]",,,0,0,[],[],0,
196,3,124,300,,0,"[1003,10]",0,"[1003,50]",,,0,0,[],[],0,
197,4,124,400,,0,"[1003,10]",0,"[1003,50]",,,0,0,[],[],0,
198,5,124,400,,0,"[1003,15]",0,"[1003,80]",,,0,0,[],[],0,
199,6,124,500,,0,"[1003,15]",0,"[1003,80]",,,0,0,[],[],0,
200,7,124,500,,0,"[1003,15]",0,"[1003,80]",,,0,0,[],[],0,
201,8,124,500,,0,"[1003,20]",0,"[1003,100]",,,0,1,[],[],0,
202,9,124,600,,0,"[1003,20]",0,"[1003,100]",,,0,0,[],[],0,
203,10,124,600,,0,"[1003,20]",0,"[1003,100]",,,0,0,[],[],0,
204,11,124,800,,0,"[1003,30]",0,"[1003,200]",,,0,0,[],[],0,
205,12,124,800,,0,"[1003,30]",0,"[1003,200]",,,0,0,[],[],0,
206,13,124,1000,,0,"[1003,30]",0,"[1003,200]",,,0,0,[],[],0,
207,14,124,1000,,0,"[1003,60]",0,"[11001,4]",,,1,1,"[2,11001]",[],0,
208,15,124,-1,,0,"[1003,100]",0,"[1003,800]",,,1,0,[],[],0,
209,0,117,450,ui_active_bp_buy_icon_extra1,0,"[1003,30]",1,[1],eventmapslot,eventmapslot_desc,1,0,"[3,51002]",[],800,
210,1,117,550,,0,"[1001,5]",0,"[1001,15]",,,0,0,[],[],0,
211,2,117,750,,0,"[1003,50]",0,"[42000,10]",,,0,1,"[6,42000]",[],0,
212,3,117,750,,0,"[1001,10]",0,"[11001,2]",,,1,1,"[4,11001]",[],0,
213,4,117,750,,0,"[42000,3]",0,"[1003,100]",,,0,0,"[1,1003]",[],0,
214,5,117,750,,0,"[11001,1]",0,"[1001,20]",,,0,0,[],[],0,
215,6,117,750,,0,"[1001,15]",0,"[83010,5]",,,1,1,[],[],0,
216,7,117,750,,0,"[1001,15]",0,"[34027,30]",,,0,0,"[2,34027]",[],0,
217,8,117,750,,0,"[1001,15]",0,"[11001,3]",,,0,0,[],[],0,
218,9,117,750,,0,"[1003,60]",0,"[1001,50]",,,0,0,[],[],0,
219,10,117,750,,0,"[11001,1]",0,"[83010,5]",,,1,1,[],[],0,
220,11,117,1250,,0,"[1001,15]",0,"[1001,65]",,,0,0,[],[],0,
221,12,117,1250,,0,"[1001,20]",0,"[42000,20]",,,0,0,[],[],0,
222,13,117,1250,petscuttle_patch,0,"[1003,60]",0,"[83010,10]",partner_item_fragment_text_310,item_gene_desc310,1,1,"[7,83010]",[],0,
223,14,117,1250,,0,"[42000,5]",0,"[11001,4]",,,0,0,[],[],0,
224,15,117,-1,,0,"[1003,300]",0,"[1001,150]",,,1,1,"[5,51001]",[],0,
225,0,122,200,ui_active_bp_dragon_122,0,"[1003,10]",2,"[318001,1]",dragon_name_145501,dragon_desc_145501,1,1,"[3,318001]",[],800,
226,1,122,200,ui_active_bp_buy_icon_extra1,0,"[1003,10]",1,[1],eventmapslot,eventmapslot_desc,1,0,"[1,51002]",[],0,
227,2,122,300,,0,"[1003,10]",0,"[1003,50]",,,0,0,[],[],0,
228,3,122,300,,0,"[1003,10]",0,"[1003,50]",,,0,0,[],[],0,
229,4,122,400,,0,"[1003,10]",0,"[1003,50]",,,0,0,[],[],0,
230,5,122,400,,0,"[1003,15]",0,"[1003,80]",,,0,0,[],[],0,
231,6,122,500,,0,"[1003,15]",0,"[1003,80]",,,0,0,[],[],0,
232,7,122,500,,0,"[1003,15]",0,"[1003,80]",,,0,0,[],[],0,
233,8,122,500,,0,"[1003,20]",0,"[1003,100]",,,0,1,[],[],0,
234,9,122,600,,0,"[1003,20]",0,"[1003,100]",,,0,0,[],[],0,
235,10,122,600,,0,"[1003,20]",0,"[1003,100]",,,0,0,[],[],0,
236,11,122,800,,0,"[1003,30]",0,"[1003,200]",,,0,0,[],[],0,
237,12,122,800,,0,"[1003,30]",0,"[1003,200]",,,0,0,[],[],0,
238,13,122,1000,,0,"[1003,30]",0,"[1003,200]",,,0,0,[],[],0,
239,14,122,1000,,0,"[1003,60]",0,"[11001,4]",,,1,1,"[2,11001]",[],0,
240,15,122,-1,,0,"[1003,100]",0,"[1003,800]",,,1,0,[],[],0,
241,0,123,200,ui_active_bp_dragon_123,0,"[1003,10]",2,"[317001,1]",dragon_name_144701,dragon_desc_144701,1,1,"[3,317001]",[],800,
242,1,123,200,ui_active_bp_buy_icon_extra1,0,"[1003,10]",1,[1],eventmapslot,eventmapslot_desc,1,0,"[1,51002]",[],0,
243,2,123,300,,0,"[1003,10]",0,"[1003,50]",,,0,0,[],[],0,
244,3,123,300,,0,"[1003,10]",0,"[1003,50]",,,0,0,[],[],0,
245,4,123,400,,0,"[1003,10]",0,"[1003,50]",,,0,0,[],[],0,
246,5,123,400,,0,"[1003,15]",0,"[1003,80]",,,0,0,[],[],0,
247,6,123,500,,0,"[1003,15]",0,"[1003,80]",,,0,0,[],[],0,
248,7,123,500,,0,"[1003,15]",0,"[1003,80]",,,0,0,[],[],0,
249,8,123,500,,0,"[1003,20]",0,"[1003,100]",,,0,1,[],[],0,
250,9,123,600,,0,"[1003,20]",0,"[1003,100]",,,0,0,[],[],0,
251,10,123,600,,0,"[1003,20]",0,"[1003,100]",,,0,0,[],[],0,
252,11,123,800,,0,"[1003,30]",0,"[1003,200]",,,0,0,[],[],0,
253,12,123,800,,0,"[1003,30]",0,"[1003,200]",,,0,0,[],[],0,
254,13,123,1000,,0,"[1003,30]",0,"[1003,200]",,,0,0,[],[],0,
255,14,123,1000,,0,"[1003,60]",0,"[11001,4]",,,1,1,"[2,11001]",[],0,
256,15,123,-1,,0,"[1003,100]",0,"[1003,800]",,,1,0,[],[],0,
257,0,126,500,ui_active_bp_dragon_126,0,"[1003,10]",2,"[320001,1]",partner_name_320,partner_desc_320,1,0,"[3,320001]",[],800,
258,1,126,300,ui_active_bp_buy_icon_extra1,0,"[1003,10]",1,[1],eventmapslot,eventmapslot_desc,1,0,"[1,51002]",[],0,
259,2,126,200,,0,"[1003,10]",0,"[1003,50]",,,0,0,[],[],0,
260,3,126,500,,0,"[1003,10]",0,"[1003,50]",,,0,0,[],[],0,
261,4,126,500,,0,"[1003,10]",0,"[1003,50]",,,0,0,[],[],0,
262,5,126,500,,0,"[1003,15]",0,"[1003,80]",,,0,0,[],[],0,
263,6,126,500,,0,"[1003,15]",0,"[1003,80]",,,0,0,[],[],0,
264,7,126,500,,0,"[1003,15]",0,"[1003,80]",,,0,0,[],[],0,
265,8,126,500,,0,"[1003,20]",0,"[1003,100]",,,0,1,[],[],0,
266,9,126,500,,0,"[1003,20]",0,"[1003,100]",,,0,0,[],[],0,
267,10,126,500,,0,"[1003,20]",0,"[1003,100]",,,0,0,[],[],0,
268,11,126,1000,,0,"[1003,30]",0,"[1003,200]",,,0,0,[],[],0,
269,12,126,1000,,0,"[1003,30]",0,"[1003,200]",,,0,0,[],[],0,
270,13,126,1000,,0,"[1003,30]",0,"[1003,200]",,,0,0,[],[],0,
271,14,126,1000,,0,"[1003,60]",0,"[11001,4]",,,1,1,"[2,11001]",[],0,
272,15,126,-1,,0,"[1003,100]",0,"[1003,800]",,,1,0,[],[],0,
273,0,125,750,ui_active_bp_dragon_125,0,"[1003,10]",2,"[321001,1]",partner_name_321,partner_desc_321,1,0,"[3,321001]",[],800,
274,1,125,550,ui_active_bp_buy_icon_extra1,0,"[1003,10]",1,[1],eventmapslot,eventmapslot_desc,1,0,"[1,51002]",[],0,
275,2,125,450,,0,"[1003,10]",0,"[1003,50]",,,0,0,[],[],0,
276,3,125,750,,0,"[1003,10]",0,"[1003,50]",,,0,0,[],[],0,
277,4,125,750,,0,"[1003,10]",0,"[1003,50]",,,0,0,[],[],0,
278,5,125,750,,0,"[1003,15]",0,"[1003,80]",,,0,0,[],[],0,
279,6,125,750,,0,"[1003,15]",0,"[1003,80]",,,0,0,[],[],0,
280,7,125,750,,0,"[1003,15]",0,"[1003,80]",,,0,0,[],[],0,
281,8,125,750,,0,"[1003,20]",0,"[1003,100]",,,0,1,[],[],0,
282,9,125,750,,0,"[1003,20]",0,"[1003,100]",,,0,0,[],[],0,
283,10,125,750,,0,"[1003,20]",0,"[1003,100]",,,0,0,[],[],0,
284,11,125,1250,,0,"[1003,30]",0,"[1003,200]",,,0,0,[],[],0,
285,12,125,1250,,0,"[1003,30]",0,"[1003,200]",,,0,0,[],[],0,
286,13,125,1250,,0,"[1003,30]",0,"[1003,200]",,,0,0,[],[],0,
287,14,125,1250,,0,"[1003,60]",0,"[11001,4]",,,1,1,"[2,11001]",[],0,
288,15,125,-1,,0,"[1003,100]",0,"[1003,800]",,,1,0,[],[],0,
289,0,127,500,ui_active_bp_dragon_127,0,"[1003,10]",2,"[324001,1]",partner_name_324,partner_desc_324,1,0,"[3,324001]",[],800,
290,1,127,300,ui_active_bp_buy_icon_extra1,0,"[1003,10]",1,[1],eventmapslot,eventmapslot_desc,1,0,"[1,51002]",[],0,
291,2,127,200,,0,"[1003,10]",0,"[1003,50]",,,0,0,[],[],0,
292,3,127,500,,0,"[1003,10]",0,"[1003,50]",,,0,0,[],[],0,
293,4,127,500,,0,"[1003,10]",0,"[1003,50]",,,0,0,[],[],0,
294,5,127,500,,0,"[1003,15]",0,"[1003,80]",,,0,0,[],[],0,
295,6,127,500,,0,"[1003,15]",0,"[1003,80]",,,0,0,[],[],0,
296,7,127,500,,0,"[1003,15]",0,"[1003,80]",,,0,0,[],[],0,
297,8,127,500,,0,"[1003,20]",0,"[1003,100]",,,0,1,[],[],0,
298,9,127,500,,0,"[1003,20]",0,"[1003,100]",,,0,0,[],[],0,
299,10,127,500,,0,"[1003,20]",0,"[1003,100]",,,0,0,[],[],0,
300,11,127,1000,,0,"[1003,30]",0,"[1003,200]",,,0,0,[],[],0,
301,12,127,1000,,0,"[1003,30]",0,"[1003,200]",,,0,0,[],[],0,
302,13,127,1000,,0,"[1003,30]",0,"[1003,200]",,,0,0,[],[],0,
303,14,127,1000,,0,"[1003,60]",0,"[11001,4]",,,1,1,"[2,11001]",[],0,
304,15,127,-1,,0,"[1003,100]",0,"[1003,800]",,,1,0,[],[],0,
305,0,133,200,ui_active_bp_dragon_133,0,"[1003,10]",2,"[319001,1]",partner_name_319,partner_desc_319,1,0,"[3,319001]",[],800,
306,1,133,200,ui_active_bp_buy_icon_extra1,0,"[1003,10]",1,[1],eventmapslot,eventmapslot_desc,1,0,"[1,51002]",[],0,
307,2,133,300,,0,"[1003,10]",0,"[1003,50]",,,0,0,[],[],0,
308,3,133,300,,0,"[1003,10]",0,"[1003,50]",,,0,0,[],[],0,
309,4,133,400,,0,"[1003,10]",0,"[1003,50]",,,0,0,[],[],0,
310,5,133,400,,0,"[1003,15]",0,"[1003,80]",,,0,0,[],[],0,
311,6,133,500,,0,"[1003,15]",0,"[1003,80]",,,0,0,[],[],0,
312,7,133,500,,0,"[1003,15]",0,"[1003,80]",,,0,0,[],[],0,
313,8,133,500,,0,"[1003,20]",0,"[1003,100]",,,0,1,[],[],0,
314,9,133,600,,0,"[1003,20]",0,"[1003,100]",,,0,0,[],[],0,
315,10,133,600,,0,"[1003,20]",0,"[1003,100]",,,0,0,[],[],0,
316,11,133,800,,0,"[1003,30]",0,"[1003,200]",,,0,0,[],[],0,
317,12,133,800,,0,"[1003,30]",0,"[1003,200]",,,0,0,[],[],0,
318,13,133,1000,,0,"[1003,30]",0,"[1003,200]",,,0,0,[],[],0,
319,14,133,1000,,0,"[1003,60]",0,"[11001,4]",,,1,1,"[2,11001]",[],0,
320,15,133,-1,,0,"[1003,100]",0,"[1003,800]",,,1,0,[],[],0,
321,0,120,750,ui_active_bp_buy_icon_extra1,0,"[1003,30]",1,[1],eventmapslot,eventmapslot_desc,1,0,"[3,51002]",[],800,
322,1,120,550,,0,"[1001,5]",0,"[1001,15]",,,0,0,[],[],0,
323,2,120,450,,0,"[1003,50]",0,"[42000,10]",,,0,1,"[6,42000]",[],0,
324,3,120,750,,0,"[1001,10]",0,"[11001,2]",,,1,1,"[4,11001]",[],0,
325,4,120,750,,0,"[42000,3]",0,"[1003,100]",,,0,0,"[1,1003]",[],0,
326,5,120,750,,0,"[11001,1]",0,"[1001,20]",,,0,0,[],[],0,
327,6,120,750,,0,"[1001,15]",0,"[83011,5]",,,1,1,[],[],0,
328,7,120,750,,0,"[1001,15]",0,"[34020,20]",,,0,0,"[2,34020]",[],0,
329,8,120,750,,0,"[1001,15]",0,"[11001,2]",,,0,0,[],[],0,
330,9,120,750,,0,"[1003,60]",0,"[1001,50]",,,0,0,[],[],0,
331,10,120,750,,0,"[11001,1]",0,"[83011,5]",,,1,1,[],[],0,
332,11,120,1250,,0,"[1001,15]",0,"[1001,80]",,,0,0,[],[],0,
333,12,120,1250,,0,"[1001,30]",0,"[42000,20]",,,0,0,[],[],0,
334,13,120,1250,petmax_patch,0,"[1003,80]",0,"[83011,10]",partner_item_fragment_text_311,item_gene_desc311,1,1,"[7,83011]",[],0,
335,14,120,1250,,0,"[42000,5]",0,"[11001,2]",,,0,0,[],[],0,
336,15,120,-1,,0,"[1003,300]",0,"[1001,150]",,,1,1,"[5,51001]",[],0,
337,0,132,200,ui_active_bp_dragon_128,0,"[1003,10]",2,"[323001,1]",partner_name_323,partner_desc_323,1,0,"[3,323001]",[],800,
338,1,132,200,ui_active_bp_buy_icon_extra1,0,"[1003,10]",1,[1],eventmapslot,eventmapslot_desc,1,0,"[1,51002]",[],0,
339,2,132,300,,0,"[1003,10]",0,"[1003,50]",,,0,0,[],[],0,
340,3,132,300,,0,"[1003,10]",0,"[1003,50]",,,0,0,[],[],0,
341,4,132,400,,0,"[1003,10]",0,"[1003,50]",,,0,0,[],[],0,
342,5,132,400,,0,"[1003,15]",0,"[1003,80]",,,0,0,[],[],0,
343,6,132,500,,0,"[1003,15]",0,"[1003,80]",,,0,0,[],[],0,
344,7,132,500,,0,"[1003,15]",0,"[1003,80]",,,0,0,[],[],0,
345,8,132,500,,0,"[1003,20]",0,"[1003,100]",,,0,1,[],[],0,
346,9,132,600,,0,"[1003,20]",0,"[1003,100]",,,0,0,[],[],0,
347,10,132,600,,0,"[1003,20]",0,"[1003,100]",,,0,0,[],[],0,
348,11,132,800,,0,"[1003,30]",0,"[1003,200]",,,0,0,[],[],0,
349,12,132,800,,0,"[1003,30]",0,"[1003,200]",,,0,0,[],[],0,
350,13,132,1000,,0,"[1003,30]",0,"[1003,200]",,,0,0,[],[],0,
351,14,132,1000,,0,"[1003,60]",0,"[11001,4]",,,1,1,"[2,11001]",[],0,
352,15,132,-1,,0,"[1003,100]",0,"[1003,800]",,,1,0,[],[],0,
353,0,130,200,ui_active_bp_dragon_130,0,"[1003,10]",2,"[327001,1]",partner_name_327,partner_desc_327,1,1,"[3,327001]",[],800,
354,1,130,200,ui_active_bp_buy_icon_extra1,0,"[1003,10]",1,[1],eventmapslot,eventmapslot_desc,1,0,"[1,51002]",[],0,
355,2,130,300,,0,"[1003,10]",0,"[1003,50]",,,0,0,[],[],0,
356,3,130,300,,0,"[1003,10]",0,"[1003,50]",,,0,0,[],[],0,
357,4,130,400,,0,"[1003,10]",0,"[1003,50]",,,0,0,[],[],0,
358,5,130,400,,0,"[1003,15]",0,"[1003,80]",,,0,0,[],[],0,
359,6,130,500,,0,"[1003,15]",0,"[1003,80]",,,0,0,[],[],0,
360,7,130,500,,0,"[1003,15]",0,"[1003,80]",,,0,0,[],[],0,
361,8,130,500,,0,"[1003,20]",0,"[1003,100]",,,0,1,[],[],0,
362,9,130,600,,0,"[1003,20]",0,"[1003,100]",,,0,0,[],[],0,
363,10,130,600,,0,"[1003,20]",0,"[1003,100]",,,0,0,[],[],0,
364,11,130,800,,0,"[1003,30]",0,"[1003,200]",,,0,0,[],[],0,
365,12,130,800,,0,"[1003,30]",0,"[1003,200]",,,0,0,[],[],0,
366,13,130,1000,,0,"[1003,30]",0,"[1003,200]",,,0,0,[],[],0,
367,14,130,1000,,0,"[1003,60]",0,"[11001,4]",,,1,1,"[2,11001]",[],0,
368,15,130,-1,,0,"[1003,100]",0,"[1003,800]",,,1,0,[],[],0,
385,0,129,200,ui_active_bp_dragon_129,0,"[1003,10]",2,"[325001,1]",partner_name_325,partner_desc_325,1,1,"[3,325001]",[],800,
386,1,129,200,ui_active_bp_buy_icon_extra1,0,"[1003,10]",1,[1],eventmapslot,eventmapslot_desc,1,0,"[1,51002]",[],0,
387,2,129,300,,0,"[1003,10]",0,"[1003,50]",,,0,0,[],[],0,
388,3,129,300,,0,"[1003,10]",0,"[1003,50]",,,0,0,[],[],0,
389,4,129,400,,0,"[1003,10]",0,"[1003,50]",,,0,0,[],[],0,
390,5,129,400,,0,"[1003,15]",0,"[1003,80]",,,0,0,[],[],0,
391,6,129,500,,0,"[1003,15]",0,"[1003,80]",,,0,0,[],[],0,
392,7,129,500,,0,"[1003,15]",0,"[1003,80]",,,0,0,[],[],0,
393,8,129,500,,0,"[1003,20]",0,"[1003,100]",,,0,1,[],[],0,
394,9,129,600,,0,"[1003,20]",0,"[1003,100]",,,0,0,[],[],0,
395,10,129,600,,0,"[1003,20]",0,"[1003,100]",,,0,0,[],[],0,
396,11,129,800,,0,"[1003,30]",0,"[1003,200]",,,0,0,[],[],0,
397,12,129,800,,0,"[1003,30]",0,"[1003,200]",,,0,0,[],[],0,
398,13,129,1000,,0,"[1003,30]",0,"[1003,200]",,,0,0,[],[],0,
399,14,129,1000,,0,"[1003,60]",0,"[11001,4]",,,1,1,"[2,11001]",[],0,
400,15,129,-1,,0,"[1003,100]",0,"[1003,800]",,,1,0,[],[],0,
401,0,128,200,ui_active_bp_dragon_1281,0,"[1003,10]",2,"[328001,1]",partner_name_328,partner_desc_328,1,1,"[3,328001]",[],800,
402,1,128,200,ui_active_bp_buy_icon_extra1,0,"[1003,10]",1,[1],eventmapslot,eventmapslot_desc,1,0,"[1,51002]",[],0,
403,2,128,300,,0,"[1003,10]",0,"[1003,50]",,,0,0,[],[],0,
404,3,128,300,,0,"[1003,10]",0,"[1003,50]",,,0,0,[],[],0,
405,4,128,400,,0,"[1003,10]",0,"[1003,50]",,,0,0,[],[],0,
406,5,128,400,,0,"[1003,15]",0,"[1003,80]",,,0,0,[],[],0,
407,6,128,500,,0,"[1003,15]",0,"[1003,80]",,,0,0,[],[],0,
408,7,128,500,,0,"[1003,15]",0,"[1003,80]",,,0,0,[],[],0,
409,8,128,500,,0,"[1003,20]",0,"[1003,100]",,,0,1,[],[],0,
410,9,128,600,,0,"[1003,20]",0,"[1003,100]",,,0,0,[],[],0,
411,10,128,600,,0,"[1003,20]",0,"[1003,100]",,,0,0,[],[],0,
412,11,128,800,,0,"[1003,30]",0,"[1003,200]",,,0,0,[],[],0,
413,12,128,800,,0,"[1003,30]",0,"[1003,200]",,,0,0,[],[],0,
414,13,128,1000,,0,"[1003,30]",0,"[1003,200]",,,0,0,[],[],0,
415,14,128,1000,,0,"[1003,60]",0,"[11001,4]",,,1,1,"[2,11001]",[],0,
416,15,128,-1,,0,"[1003,100]",0,"[1003,800]",,,1,0,[],[],0,
417,0,135,200,ui_active_bp_dragon_135,0,"[1003,10]",2,"[322001,1]",partner_name_322,partner_desc_322,1,1,"[3,322001]",[],800,
418,1,135,200,ui_active_bp_buy_icon_extra1,0,"[1003,10]",1,[1],eventmapslot,eventmapslot_desc,1,0,"[1,51002]",[],0,
419,2,135,300,,0,"[1003,10]",0,"[1003,50]",,,0,0,[],[],0,
420,3,135,300,,0,"[1003,10]",0,"[1003,50]",,,0,0,[],[],0,
421,4,135,400,,0,"[1003,10]",0,"[1003,50]",,,0,0,[],[],0,
422,5,135,400,,0,"[1003,15]",0,"[1003,80]",,,0,0,[],[],0,
423,6,135,500,,0,"[1003,15]",0,"[1003,80]",,,0,0,[],[],0,
424,7,135,500,,0,"[1003,15]",0,"[1003,80]",,,0,0,[],[],0,
425,8,135,500,,0,"[1003,20]",0,"[1003,100]",,,0,1,[],[],0,
426,9,135,600,,0,"[1003,20]",0,"[1003,100]",,,0,0,[],[],0,
427,10,135,600,,0,"[1003,20]",0,"[1003,100]",,,0,0,[],[],0,
428,11,135,800,,0,"[1003,30]",0,"[1003,200]",,,0,0,[],[],0,
429,12,135,800,,0,"[1003,30]",0,"[1003,200]",,,0,0,[],[],0,
430,13,135,1000,,0,"[1003,30]",0,"[1003,200]",,,0,0,[],[],0,
431,14,135,1000,,0,"[1003,60]",0,"[11001,4]",,,1,1,"[2,11001]",[],0,
432,15,135,-1,,0,"[1003,100]",0,"[1003,800]",,,1,0,[],[],0,
433,0,136,200,ui_active_bp_dragon_136,0,"[1003,10]",2,"[326001,1]",partner_name_326,partner_desc_326,1,1,"[3,326001]",[],800,
434,1,136,200,ui_active_bp_buy_icon_extra1,0,"[1003,10]",1,[1],eventmapslot,eventmapslot_desc,1,0,"[1,51002]",[],0,
435,2,136,300,,0,"[1003,10]",0,"[1003,50]",,,0,0,[],[],0,
436,3,136,300,,0,"[1003,10]",0,"[1003,50]",,,0,0,[],[],0,
437,4,136,400,,0,"[1003,10]",0,"[1003,50]",,,0,0,[],[],0,
438,5,136,400,,0,"[1003,15]",0,"[1003,80]",,,0,0,[],[],0,
439,6,136,500,,0,"[1003,15]",0,"[1003,80]",,,0,0,[],[],0,
440,7,136,500,,0,"[1003,15]",0,"[1003,80]",,,0,0,[],[],0,
441,8,136,500,,0,"[1003,20]",0,"[1003,100]",,,0,1,[],[],0,
442,9,136,600,,0,"[1003,20]",0,"[1003,100]",,,0,0,[],[],0,
443,10,136,600,,0,"[1003,20]",0,"[1003,100]",,,0,0,[],[],0,
444,11,136,800,,0,"[1003,30]",0,"[1003,200]",,,0,0,[],[],0,
445,12,136,800,,0,"[1003,30]",0,"[1003,200]",,,0,0,[],[],0,
446,13,136,1000,,0,"[1003,30]",0,"[1003,200]",,,0,0,[],[],0,
447,14,136,1000,,0,"[1003,60]",0,"[11001,4]",,,1,1,"[2,11001]",[],0,
448,15,136,-1,,0,"[1003,100]",0,"[1003,800]",,,1,0,[],[],0,
449,0,137,200,ui_active_bp_dragon_137,0,"[1003,10]",2,"[330001,1]",partner_name_330,partner_desc_330,1,1,"[3,330001]",[],800,
450,1,137,200,ui_active_bp_buy_icon_extra1,0,"[1003,10]",1,[1],eventmapslot,eventmapslot_desc,1,0,"[1,51002]",[],0,
451,2,137,300,,0,"[1003,10]",0,"[1003,50]",,,0,0,[],[],0,
452,3,137,300,,0,"[1003,10]",0,"[1003,50]",,,0,0,[],[],0,
453,4,137,400,,0,"[1003,10]",0,"[1003,50]",,,0,0,[],[],0,
454,5,137,400,,0,"[1003,15]",0,"[1003,80]",,,0,0,[],[],0,
455,6,137,500,,0,"[1003,15]",0,"[1003,80]",,,0,0,[],[],0,
456,7,137,500,,0,"[1003,15]",0,"[1003,80]",,,0,0,[],[],0,
457,8,137,500,,0,"[1003,20]",0,"[1003,100]",,,0,1,[],[],0,
458,9,137,600,,0,"[1003,20]",0,"[1003,100]",,,0,0,[],[],0,
459,10,137,600,,0,"[1003,20]",0,"[1003,100]",,,0,0,[],[],0,
460,11,137,800,,0,"[1003,30]",0,"[1003,200]",,,0,0,[],[],0,
461,12,137,800,,0,"[1003,30]",0,"[1003,200]",,,0,0,[],[],0,
462,13,137,1000,,0,"[1003,30]",0,"[1003,200]",,,0,0,[],[],0,
463,14,137,1000,,0,"[1003,60]",0,"[11001,4]",,,1,1,"[2,11001]",[],0,
464,15,137,-1,,0,"[1003,100]",0,"[1003,800]",,,1,0,[],[],0,
465,0,138,200,ui_active_bp_dragon_138,0,"[1003,10]",2,"[329001,1]",partner_name_329,partner_desc_329,1,1,"[3,329001]",[],800,
466,1,138,200,ui_active_bp_buy_icon_extra1,0,"[1003,10]",1,[1],eventmapslot,eventmapslot_desc,1,0,"[1,51002]",[],0,
467,2,138,300,,0,"[1003,10]",0,"[1003,50]",,,0,0,[],[],0,
468,3,138,300,,0,"[1003,10]",0,"[1003,50]",,,0,0,[],[],0,
469,4,138,400,,0,"[1003,10]",0,"[1003,50]",,,0,0,[],[],0,
470,5,138,400,,0,"[1003,15]",0,"[1003,80]",,,0,0,[],[],0,
471,6,138,500,,0,"[1003,15]",0,"[1003,80]",,,0,0,[],[],0,
472,7,138,500,,0,"[1003,15]",0,"[1003,80]",,,0,0,[],[],0,
473,8,138,500,,0,"[1003,20]",0,"[1003,100]",,,0,1,[],[],0,
474,9,138,600,,0,"[1003,20]",0,"[1003,100]",,,0,0,[],[],0,
475,10,138,600,,0,"[1003,20]",0,"[1003,100]",,,0,0,[],[],0,
476,11,138,800,,0,"[1003,30]",0,"[1003,200]",,,0,0,[],[],0,
477,12,138,800,,0,"[1003,30]",0,"[1003,200]",,,0,0,[],[],0,
478,13,138,1000,,0,"[1003,30]",0,"[1003,200]",,,0,0,[],[],0,
479,14,138,1000,,0,"[1003,60]",0,"[11001,4]",,,1,1,"[2,11001]",[],0,
480,15,138,-1,,0,"[1003,100]",0,"[1003,800]",,,1,0,[],[],0,
481,0,139,200,ui_active_bp_dragon_139,0,"[1003,10]",2,"[331001,1]",partner_name_331,partner_desc_331,1,1,"[3,331001]",[],800,
482,1,139,200,ui_active_bp_buy_icon_extra1,0,"[1003,10]",1,[1],eventmapslot,eventmapslot_desc,1,0,"[1,51002]",[],0,
483,2,139,300,,0,"[1003,10]",0,"[1003,50]",,,0,0,[],[],0,
484,3,139,300,,0,"[1003,10]",0,"[1003,50]",,,0,0,[],[],0,
485,4,139,400,,0,"[1003,10]",0,"[1003,50]",,,0,0,[],[],0,
486,5,139,400,,0,"[1003,15]",0,"[1003,80]",,,0,0,[],[],0,
487,6,139,500,,0,"[1003,15]",0,"[1003,80]",,,0,0,[],[],0,
488,7,139,500,,0,"[1003,15]",0,"[1003,80]",,,0,0,[],[],0,
489,8,139,500,,0,"[1003,20]",0,"[1003,100]",,,0,1,[],[],0,
490,9,139,600,,0,"[1003,20]",0,"[1003,100]",,,0,0,[],[],0,
491,10,139,600,,0,"[1003,20]",0,"[1003,100]",,,0,0,[],[],0,
492,11,139,800,,0,"[1003,30]",0,"[1003,200]",,,0,0,[],[],0,
493,12,139,800,,0,"[1003,30]",0,"[1003,200]",,,0,0,[],[],0,
494,13,139,1000,,0,"[1003,30]",0,"[1003,200]",,,0,0,[],[],0,
495,14,139,1000,,0,"[1003,60]",0,"[11001,4]",,,1,1,"[2,11001]",[],0,
496,15,139,-1,,0,"[1003,100]",0,"[1003,800]",,,1,0,[],[],0,
501,0,2,100,,0,"[1003,10]",0,"[1003,100]",,,1,1,"[3,19009]",[],800,
502,1,2,100,,0,"[1003,10]",0,"[1003,30]",,,0,0,"[1,11001]",[],0,
503,2,2,100,,0,"[1003,10]",0,"[1003,30]",,,0,0,[],[],0,
504,3,2,150,,0,"[1003,10]",0,"[1003,30]",,,0,0,[],[],0,
505,4,2,200,,0,"[1003,10]",0,"[1003,30]",,,0,0,[],[],0,
506,5,2,200,,0,"[1003,10]",0,"[1003,50]",,,0,0,[],[],0,
507,6,2,250,,0,"[1003,10]",0,"[1003,50]",,,0,0,[],[],0,
508,7,2,250,,0,"[1003,15]",0,"[1003,80]",,,0,0,[],[],0,
509,8,2,250,,0,"[1003,15]",0,"[1003,80]",,,0,1,[],[],0,
510,9,2,300,,0,"[1003,15]",0,"[1003,80]",,,0,0,[],[],0,
511,10,2,300,,0,"[1003,15]",0,"[1003,80]",,,0,0,[],[],0,
512,11,2,400,,0,"[1003,20]",0,"[1003,100]",,,0,0,[],[],0,
513,12,2,400,,0,"[1003,20]",0,"[1003,100]",,,0,0,[],[],0,
514,13,2,500,,0,"[1003,20]",0,"[1003,100]",,,0,0,[],[],0,
515,14,2,500,,0,"[1003,30]",0,"[11001,2]",,,1,1,"[2,11001]",[],0,
516,15,2,-1,,0,"[1003,50]",0,"[1003,300]",,,1,0,[],[],0,
520,0,140,200,ui_active_bp_dragon_140,0,"[1003,10]",2,"[332001,1]",partner_name_332,partner_desc_332,1,1,"[3,332001]",[],800,
521,1,140,200,ui_active_bp_buy_icon_extra1,0,"[1003,10]",1,[1],eventmapslot,eventmapslot_desc,1,0,"[1,51002]",[],0,
522,2,140,300,,0,"[1003,10]",0,"[1003,50]",,,0,0,[],[],0,
523,3,140,300,,0,"[1003,10]",0,"[1003,50]",,,0,0,[],[],0,
524,4,140,400,,0,"[1003,10]",0,"[1003,50]",,,0,0,[],[],0,
525,5,140,400,,0,"[1003,15]",0,"[1003,80]",,,0,0,[],[],0,
526,6,140,500,,0,"[1003,15]",0,"[1003,80]",,,0,0,[],[],0,
527,7,140,500,,0,"[1003,15]",0,"[1003,80]",,,0,0,[],[],0,
528,8,140,500,,0,"[1003,20]",0,"[1003,100]",,,0,1,[],[],0,
529,9,140,600,,0,"[1003,20]",0,"[1003,100]",,,0,0,[],[],0,
530,10,140,600,,0,"[1003,20]",0,"[1003,100]",,,0,0,[],[],0,
531,11,140,800,,0,"[1003,30]",0,"[1003,200]",,,0,0,[],[],0,
532,12,140,800,,0,"[1003,30]",0,"[1003,200]",,,0,0,[],[],0,
533,13,140,1000,,0,"[1003,30]",0,"[1003,200]",,,0,0,[],[],0,
534,14,140,1000,,0,"[1003,60]",0,"[11001,4]",,,1,1,"[2,11001]",[],0,
535,15,140,-1,,0,"[1003,100]",0,"[1003,800]",,,1,0,[],[],0,
540,0,139,200,ui_active_bp_dragon_139,0,"[1003,10]",2,"[331001,1]",partner_name_331,partner_desc_331,1,1,"[3,331001]","[4,5,6,7]",800,
541,1,139,200,ui_active_bp_buy_icon_extra1,0,"[1003,10]",1,[1],eventmapslot,eventmapslot_desc,1,0,"[1,51002]","[4,5,6,7]",0,
542,2,139,300,,0,"[1003,10]",0,"[1003,50]",,,0,0,[],"[4,5,6,7]",0,
543,3,139,300,,0,"[1003,10]",0,"[1003,50]",,,0,0,[],"[4,5,6,7]",0,
544,4,139,400,,0,"[1003,10]",0,"[1003,50]",,,0,0,[],"[4,5,6,7]",0,
545,5,139,400,,0,"[1003,15]",0,"[1003,80]",,,0,0,[],"[4,5,6,7]",0,
546,6,139,500,,0,"[1003,15]",0,"[1003,80]",,,0,0,[],"[4,5,6,7]",0,
547,7,139,500,,0,"[1003,15]",0,"[1003,80]",,,0,0,[],"[4,5,6,7]",0,
548,8,139,500,,0,"[1003,20]",0,"[1003,100]",,,0,1,[],"[4,5,6,7]",0,
549,9,139,600,,0,"[1003,20]",0,"[1003,100]",,,0,0,[],"[4,5,6,7]",0,
550,10,139,600,,0,"[1003,20]",0,"[1003,100]",,,0,0,[],"[4,5,6,7]",0,
551,11,139,800,,0,"[1003,30]",0,"[1003,200]",,,0,0,[],"[4,5,6,7]",0,
552,12,139,800,,0,"[1003,30]",0,"[1003,200]",,,0,0,[],"[4,5,6,7]",0,
553,13,139,1000,,0,"[1003,30]",0,"[1003,200]",,,0,0,[],"[4,5,6,7]",0,
554,14,139,1000,,0,"[1003,60]",0,"[11001,4]",,,1,1,"[2,11001]","[4,5,6,7]",0,
555,15,139,-1,,0,"[1003,100]",0,"[1003,800]",,,1,0,[],"[4,5,6,7]",0,
560,0,139,100,,0,"[1003,10]",0,"[1003,30]",,,1,1,"[3,1003]","[1,2,3]",802,
561,1,139,100,ui_active_bp_buy_icon_extra1,0,"[1003,10]",1,[1],eventmapslot,eventmapslot_desc,1,0,"[1,51002]","[1,2,3]",0,
562,2,139,100,,0,"[1003,10]",0,"[1003,30]",,,0,0,[],"[1,2,3]",0,
563,3,139,200,,0,"[1003,10]",0,"[1003,30]",,,0,0,[],"[1,2,3]",0,
564,4,139,200,,0,"[1003,10]",0,"[1003,30]",,,0,0,[],"[1,2,3]",0,
565,5,139,200,,0,"[1003,15]",0,"[1003,40]",,,0,0,[],"[1,2,3]",0,
566,6,139,300,,0,"[1003,15]",0,"[1003,40]",,,0,0,[],"[1,2,3]",0,
567,7,139,300,,0,"[1003,15]",0,"[1003,40]",,,0,0,[],"[1,2,3]",0,
568,8,139,300,,0,"[1003,20]",0,"[1003,50]",,,0,1,[],"[1,2,3]",0,
569,9,139,500,,0,"[1003,20]",0,"[1003,50]",,,0,0,[],"[1,2,3]",0,
570,10,139,500,,0,"[1003,20]",0,"[1003,50]",,,0,0,[],"[1,2,3]",0,
571,11,139,500,,0,"[1003,30]",0,"[1003,100]",,,0,0,[],"[1,2,3]",0,
572,12,139,500,,0,"[1003,30]",0,"[1003,100]",,,0,0,[],"[1,2,3]",0,
573,13,139,600,,0,"[1003,30]",0,"[1003,100]",,,0,0,[],"[1,2,3]",0,
574,14,139,600,,0,"[1003,60]",0,"[11001,2]",,,1,1,"[2,11001]","[1,2,3]",0,
575,15,139,-1,,0,"[1003,100]",0,"[1003,500]",,,1,0,[],"[1,2,3]",0,
576,0,141,200,ui_active_bp_dragon_142,0,"[1003,10]",2,"[333001,1]",partner_name_333,partner_desc_333,1,1,"[3,333001]",[],800,
577,1,141,200,ui_active_bp_buy_icon_extra1,0,"[1003,10]",1,[1],eventmapslot,eventmapslot_desc,1,0,"[1,51002]",[],0,
578,2,141,300,,0,"[1003,10]",0,"[1003,50]",,,0,0,[],[],0,
579,3,141,300,,0,"[1003,10]",0,"[1003,50]",,,0,0,[],[],0,
580,4,141,400,,0,"[1003,10]",0,"[1003,50]",,,0,0,[],[],0,
581,5,141,400,,0,"[1003,15]",0,"[1003,80]",,,0,0,[],[],0,
582,6,141,500,,0,"[1003,15]",0,"[1003,80]",,,0,0,[],[],0,
583,7,141,500,,0,"[1003,15]",0,"[1003,80]",,,0,0,[],[],0,
584,8,141,500,,0,"[1003,20]",0,"[1003,100]",,,0,1,[],[],0,
585,9,141,600,,0,"[1003,20]",0,"[1003,100]",,,0,0,[],[],0,
586,10,141,600,,0,"[1003,20]",0,"[1003,100]",,,0,0,[],[],0,
587,11,141,800,,0,"[1003,30]",0,"[1003,200]",,,0,0,[],[],0,
588,12,141,800,,0,"[1003,30]",0,"[1003,200]",,,0,0,[],[],0,
589,13,141,1000,,0,"[1003,30]",0,"[1003,200]",,,0,0,[],[],0,
590,14,141,1000,,0,"[1003,60]",0,"[11001,4]",,,1,1,"[2,11001]",[],0,
591,15,141,-1,,0,"[1003,100]",0,"[1003,800]",,,1,0,[],[],0,
592,0,142,200,ui_active_bp_dragon_141,0,"[1003,10]",2,"[334001,1]",partner_name_334,partner_desc_334,1,1,"[3,334001]",[],800,
593,1,142,200,ui_active_bp_buy_icon_extra1,0,"[1003,10]",1,[1],eventmapslot,eventmapslot_desc,1,0,"[1,51002]",[],0,
594,2,142,300,,0,"[1003,10]",0,"[1003,50]",,,0,0,[],[],0,
595,3,142,300,,0,"[1003,10]",0,"[1003,50]",,,0,0,[],[],0,
596,4,142,400,,0,"[1003,10]",0,"[1003,50]",,,0,0,[],[],0,
597,5,142,400,,0,"[1003,15]",0,"[1003,80]",,,0,0,[],[],0,
598,6,142,500,,0,"[1003,15]",0,"[1003,80]",,,0,0,[],[],0,
599,7,142,500,,0,"[1003,15]",0,"[1003,80]",,,0,0,[],[],0,
600,8,142,500,,0,"[1003,20]",0,"[1003,100]",,,0,1,[],[],0,
601,9,142,600,,0,"[1003,20]",0,"[1003,100]",,,0,0,[],[],0,
602,10,142,600,,0,"[1003,20]",0,"[1003,100]",,,0,0,[],[],0,
603,11,142,800,,0,"[1003,30]",0,"[1003,200]",,,0,0,[],[],0,
604,12,142,800,,0,"[1003,30]",0,"[1003,200]",,,0,0,[],[],0,
605,13,142,1000,,0,"[1003,30]",0,"[1003,200]",,,0,0,[],[],0,
606,14,142,1000,,0,"[1003,60]",0,"[11001,4]",,,1,1,"[2,11001]",[],0,
607,15,142,-1,,0,"[1003,100]",0,"[1003,800]",,,1,0,[],[],0,
608,0,143,200,ui_active_bp_dragon_143,0,"[1003,10]",2,"[335001,1]",partner_name_335,partner_desc_335,1,1,"[3,335001]",[],800,
609,1,143,200,ui_active_bp_buy_icon_extra1,0,"[1003,10]",1,[1],eventmapslot,eventmapslot_desc,1,0,"[1,51002]",[],0,
610,2,143,300,,0,"[1003,10]",0,"[1003,50]",,,0,0,[],[],0,
611,3,143,300,,0,"[1003,10]",0,"[1003,50]",,,0,0,[],[],0,
612,4,143,400,,0,"[1003,10]",0,"[1003,50]",,,0,0,[],[],0,
613,5,143,400,,0,"[1003,15]",0,"[1003,80]",,,0,0,[],[],0,
614,6,143,500,,0,"[1003,15]",0,"[1003,80]",,,0,0,[],[],0,
615,7,143,500,,0,"[1003,15]",0,"[1003,80]",,,0,0,[],[],0,
616,8,143,500,,0,"[1003,20]",0,"[1003,100]",,,0,1,[],[],0,
617,9,143,600,,0,"[1003,20]",0,"[1003,100]",,,0,0,[],[],0,
618,10,143,600,,0,"[1003,20]",0,"[1003,100]",,,0,0,[],[],0,
619,11,143,800,,0,"[1003,30]",0,"[1003,200]",,,0,0,[],[],0,
620,12,143,800,,0,"[1003,30]",0,"[1003,200]",,,0,0,[],[],0,
621,13,143,1000,,0,"[1003,30]",0,"[1003,200]",,,0,0,[],[],0,
622,14,143,1000,,0,"[1003,60]",0,"[11001,4]",,,1,1,"[2,11001]",[],0,
623,15,143,-1,,0,"[1003,100]",0,"[1003,800]",,,1,0,[],[],0,
624,0,145,200,ui_active_bp_dragon_145,0,"[1003,10]",2,"[337001,1]",partner_name_337,partner_desc_337,1,1,"[3,337001]",[],800,
625,1,145,200,ui_active_bp_buy_icon_extra1,0,"[1003,10]",1,[1],eventmapslot,eventmapslot_desc,1,0,"[1,51002]",[],0,
626,2,145,300,,0,"[1003,10]",0,"[1003,50]",,,0,0,[],[],0,
627,3,145,300,,0,"[1003,10]",0,"[1003,50]",,,0,0,[],[],0,
628,4,145,400,,0,"[1003,10]",0,"[1003,50]",,,0,0,[],[],0,
629,5,145,400,,0,"[1003,15]",0,"[1003,80]",,,0,0,[],[],0,
630,6,145,500,,0,"[1003,15]",0,"[1003,80]",,,0,0,[],[],0,
631,7,145,500,,0,"[1003,15]",0,"[1003,80]",,,0,0,[],[],0,
632,8,145,500,,0,"[1003,20]",0,"[1003,100]",,,0,1,[],[],0,
633,9,145,600,,0,"[1003,20]",0,"[1003,100]",,,0,0,[],[],0,
634,10,145,600,,0,"[1003,20]",0,"[1003,100]",,,0,0,[],[],0,
635,11,145,800,,0,"[1003,30]",0,"[1003,200]",,,0,0,[],[],0,
636,12,145,800,,0,"[1003,30]",0,"[1003,200]",,,0,0,[],[],0,
637,13,145,1000,,0,"[1003,30]",0,"[1003,200]",,,0,0,[],[],0,
638,14,145,1000,,0,"[1003,60]",0,"[11001,4]",,,1,1,"[2,11001]",[],0,
639,15,145,-1,,0,"[1003,100]",0,"[1003,800]",,,1,0,[],[],0,
640,0,144,200,ui_active_bp_dragon_144,0,"[1003,10]",2,"[336001,1]",partner_name_334,partner_desc_334,1,1,"[3,336001]",[],800,
641,1,144,200,ui_active_bp_buy_icon_extra1,0,"[1003,10]",1,[1],eventmapslot,eventmapslot_desc,1,0,"[1,51002]",[],0,
642,2,144,300,,0,"[1003,10]",0,"[1003,50]",,,0,0,[],[],0,
643,3,144,300,,0,"[1003,10]",0,"[1003,50]",,,0,0,[],[],0,
644,4,144,400,,0,"[1003,10]",0,"[1003,50]",,,0,0,[],[],0,
645,5,144,400,,0,"[1003,15]",0,"[1003,80]",,,0,0,[],[],0,
646,6,144,500,,0,"[1003,15]",0,"[1003,80]",,,0,0,[],[],0,
647,7,144,500,,0,"[1003,15]",0,"[1003,80]",,,0,0,[],[],0,
648,8,144,500,,0,"[1003,20]",0,"[1003,100]",,,0,1,[],[],0,
649,9,144,600,,0,"[1003,20]",0,"[1003,100]",,,0,0,[],[],0,
650,10,144,600,,0,"[1003,20]",0,"[1003,100]",,,0,0,[],[],0,
651,11,144,800,,0,"[1003,30]",0,"[1003,200]",,,0,0,[],[],0,
652,12,144,800,,0,"[1003,30]",0,"[1003,200]",,,0,0,[],[],0,
653,13,144,1000,,0,"[1003,30]",0,"[1003,200]",,,0,0,[],[],0,
654,14,144,1000,,0,"[1003,60]",0,"[11001,4]",,,1,1,"[2,11001]",[],0,
655,15,144,-1,,0,"[1003,100]",0,"[1003,800]",,,1,0,[],[],0,
656,0,3,200,ui_active_bp_dragon_1281,0,"[1003,10]",2,"[328001,1]",partner_name_328,partner_desc_328,1,1,"[3,328001]",[],800,
657,1,3,200,ui_active_bp_buy_icon_extra1,0,"[1003,10]",1,[1],eventmapslot,eventmapslot_desc,1,0,"[1,51002]",[],0,
658,2,3,300,,0,"[1003,10]",0,"[1003,50]",,,0,0,[],[],0,
659,3,3,300,,0,"[1003,10]",0,"[1003,50]",,,0,0,[],[],0,
660,4,3,400,,0,"[1003,10]",0,"[1003,50]",,,0,0,[],[],0,
661,5,3,400,,0,"[1003,15]",0,"[1003,80]",,,0,0,[],[],0,
662,6,3,500,,0,"[1003,15]",0,"[1003,80]",,,0,0,[],[],0,
663,7,3,500,,0,"[1003,15]",0,"[1003,80]",,,0,0,[],[],0,
664,8,3,500,,0,"[1003,20]",0,"[1003,100]",,,0,1,[],[],0,
665,9,3,600,,0,"[1003,20]",0,"[1003,100]",,,0,0,[],[],0,
666,10,3,600,,0,"[1003,20]",0,"[1003,100]",,,0,0,[],[],0,
667,11,3,800,,0,"[1003,30]",0,"[1003,200]",,,0,0,[],[],0,
668,12,3,800,,0,"[1003,30]",0,"[1003,200]",,,0,0,[],[],0,
669,13,3,1000,,0,"[1003,30]",0,"[1003,200]",,,0,0,[],[],0,
670,14,3,1000,,0,"[1003,60]",0,"[11001,4]",,,1,1,"[2,11001]",[],0,
671,15,3,-1,,0,"[1003,100]",0,"[1003,800]",,,1,0,[],[],0,
672,0,4,200,ui_active_bp_dragon_136,0,"[1003,10]",2,"[326001,1]",partner_name_326,partner_desc_326,1,1,"[3,326001]",[],800,
673,1,4,200,ui_active_bp_buy_icon_extra1,0,"[1003,10]",1,[1],eventmapslot,eventmapslot_desc,1,0,"[1,51002]",[],0,
674,2,4,300,,0,"[1003,10]",0,"[1003,50]",,,0,0,[],[],0,
675,3,4,300,,0,"[1003,10]",0,"[1003,50]",,,0,0,[],[],0,
676,4,4,400,,0,"[1003,10]",0,"[1003,50]",,,0,0,[],[],0,
677,5,4,400,,0,"[1003,15]",0,"[1003,80]",,,0,0,[],[],0,
678,6,4,500,,0,"[1003,15]",0,"[1003,80]",,,0,0,[],[],0,
679,7,4,500,,0,"[1003,15]",0,"[1003,80]",,,0,0,[],[],0,
680,8,4,500,,0,"[1003,20]",0,"[1003,100]",,,0,1,[],[],0,
681,9,4,600,,0,"[1003,20]",0,"[1003,100]",,,0,0,[],[],0,
682,10,4,600,,0,"[1003,20]",0,"[1003,100]",,,0,0,[],[],0,
683,11,4,800,,0,"[1003,30]",0,"[1003,200]",,,0,0,[],[],0,
684,12,4,800,,0,"[1003,30]",0,"[1003,200]",,,0,0,[],[],0,
685,13,4,1000,,0,"[1003,30]",0,"[1003,200]",,,0,0,[],[],0,
686,14,4,1000,,0,"[1003,60]",0,"[11001,4]",,,1,1,"[2,11001]",[],0,
687,15,4,-1,,0,"[1003,100]",0,"[1003,800]",,,1,0,[],[],0,
688,0,146,200,ui_active_bp_dragon_146,0,"[1003,10]",2,"[338001,1]",partner_name_338,partner_desc_338,1,1,"[3,338001]",[],800,
689,1,146,200,ui_active_bp_buy_icon_extra1,0,"[1003,10]",1,[1],eventmapslot,eventmapslot_desc,1,0,"[1,51002]",[],0,
690,2,146,300,,0,"[1003,10]",0,"[1003,50]",,,0,0,[],[],0,
691,3,146,300,,0,"[1003,10]",0,"[1003,50]",,,0,0,[],[],0,
692,4,146,400,,0,"[1003,10]",0,"[1003,50]",,,0,0,[],[],0,
693,5,146,400,,0,"[1003,15]",0,"[1003,80]",,,0,0,[],[],0,
694,6,146,500,,0,"[1003,15]",0,"[1003,80]",,,0,0,[],[],0,
695,7,146,500,,0,"[1003,15]",0,"[1003,80]",,,0,0,[],[],0,
696,8,146,500,,0,"[1003,20]",0,"[1003,100]",,,0,1,[],[],0,
697,9,146,600,,0,"[1003,20]",0,"[1003,100]",,,0,0,[],[],0,
698,10,146,600,,0,"[1003,20]",0,"[1003,100]",,,0,0,[],[],0,
699,11,146,800,,0,"[1003,30]",0,"[1003,200]",,,0,0,[],[],0,
700,12,146,800,,0,"[1003,30]",0,"[1003,200]",,,0,0,[],[],0,
701,13,146,1000,,0,"[1003,30]",0,"[1003,200]",,,0,0,[],[],0,
702,14,146,1000,,0,"[1003,60]",0,"[11001,4]",,,1,1,"[2,11001]",[],0,
703,15,146,-1,,0,"[1003,100]",0,"[1003,800]",,,1,0,[],[],0,
20000,0,20001,5,,0,"[1002,100]",0,"[6403,5]",,,0,0,[],[],0,
20001,1,20001,5,,0,"[6402,1]",0,"[6401,1]",,,0,0,[],[],0,
20002,2,20001,5,,0,"[1001,5]",0,"[1003,200]",,,0,0,[],[],0,
20003,3,20001,5,,0,"[1002,200]",0,"[6401,1]",,,0,0,[],[],0,
20004,4,20001,5,,0,"[6402,1]",0,"[1003,300]",,,0,1,[],[],0,
20005,5,20001,5,,0,"[1001,10]",0,"[6401,1]",,,0,0,[],[],0,
20006,6,20001,5,,0,"[1002,300]",0,"[6400,1]",,,0,1,[],[],0,
20007,7,20001,5,,0,"[1002,400]",0,"[6403,5]",,,0,0,[],[],0,
20008,8,20001,5,,0,"[6402,1]",0,"[6401,2]",,,0,0,[],[],0,
20009,9,20001,5,,0,"[1001,15]",0,"[6400,1]",,,0,1,[],[],0,
20010,10,20001,5,,0,"[1002,500]",0,"[1003,300]",,,0,0,[],[],0,
20011,11,20001,4,,0,"[6402,1]",0,"[6401,2]",,,0,0,[],[],0,
20012,12,20001,-1,,0,"[1001,20]",0,"[6400,1]",,,0,1,[],[],0,
704,0,147,200,ui_active_bp_dragon_147,0,"[1003,10]",2,"[339001,1]",partner_name_339,partner_desc_339,1,1,"[3,339001]",[],800,
705,1,147,200,ui_active_bp_buy_icon_extra1,0,"[1003,10]",1,[1],eventmapslot,eventmapslot_desc,1,0,"[1,51002]",[],0,
706,2,147,300,,0,"[1003,10]",0,"[1003,50]",,,0,0,[],[],0,
707,3,147,300,,0,"[1003,10]",0,"[1003,50]",,,0,0,[],[],0,
708,4,147,400,,0,"[1003,10]",0,"[1003,50]",,,0,0,[],[],0,
709,5,147,400,,0,"[1003,15]",0,"[1003,80]",,,0,0,[],[],0,
710,6,147,500,,0,"[1003,15]",0,"[1003,80]",,,0,0,[],[],0,
711,7,147,500,,0,"[1003,15]",0,"[1003,80]",,,0,0,[],[],0,
712,8,147,500,,0,"[1003,20]",0,"[1003,100]",,,0,1,[],[],0,
713,9,147,600,,0,"[1003,20]",0,"[1003,100]",,,0,0,[],[],0,
714,10,147,600,,0,"[1003,20]",0,"[1003,100]",,,0,0,[],[],0,
715,11,147,800,,0,"[1003,30]",0,"[1003,200]",,,0,0,[],[],0,
716,12,147,800,,0,"[1003,30]",0,"[1003,200]",,,0,0,[],[],0,
717,13,147,1000,,0,"[1003,30]",0,"[1003,200]",,,0,0,[],[],0,
718,14,147,1000,,0,"[1003,60]",0,"[11001,4]",,,1,1,"[2,11001]",[],0,
719,15,147,-1,,0,"[1003,100]",0,"[1003,800]",,,1,0,[],[],0,
720,0,149,200,ui_active_bp_dragon_148,0,"[1003,10]",2,"[340001,1]",partner_name_340,partner_desc_340,1,1,"[3,340001]",[],800,
721,1,149,200,ui_active_bp_buy_icon_extra1,0,"[1003,10]",1,[1],eventmapslot,eventmapslot_desc,1,0,"[1,51002]",[],0,
722,2,149,300,,0,"[1003,10]",0,"[1003,50]",,,0,0,[],[],0,
723,3,149,300,,0,"[1003,10]",0,"[1003,50]",,,0,0,[],[],0,
724,4,149,400,,0,"[1003,10]",0,"[1003,50]",,,0,0,[],[],0,
725,5,149,400,,0,"[1003,15]",0,"[1003,80]",,,0,0,[],[],0,
726,6,149,500,,0,"[1003,15]",0,"[1003,80]",,,0,0,[],[],0,
727,7,149,500,,0,"[1003,15]",0,"[1003,80]",,,0,0,[],[],0,
728,8,149,500,,0,"[1003,20]",0,"[1003,100]",,,0,1,[],[],0,
729,9,149,600,,0,"[1003,20]",0,"[1003,100]",,,0,0,[],[],0,
730,10,149,600,,0,"[1003,20]",0,"[1003,100]",,,0,0,[],[],0,
731,11,149,800,,0,"[1003,30]",0,"[1003,200]",,,0,0,[],[],0,
732,12,149,800,,0,"[1003,30]",0,"[1003,200]",,,0,0,[],[],0,
733,13,149,1000,,0,"[1003,30]",0,"[1003,200]",,,0,0,[],[],0,
734,14,149,1000,,0,"[1003,60]",0,"[11001,4]",,,1,1,"[2,11001]",[],0,
735,15,149,-1,,0,"[1003,100]",0,"[1003,800]",,,1,0,[],[],0,
736,0,151,200,ui_active_bp_dragon_151,0,"[1003,10]",2,"[340001,1]",partner_name_340,partner_desc_340,1,1,"[3,340001]",[],800,
737,1,151,200,ui_active_bp_buy_icon_extra1,0,"[1003,10]",1,[1],eventmapslot,eventmapslot_desc,1,0,"[1,51002]",[],0,
738,2,151,300,,0,"[1003,10]",0,"[1003,50]",,,0,0,[],[],0,
739,3,151,300,,0,"[1003,10]",0,"[1003,50]",,,0,0,[],[],0,
740,4,151,400,,0,"[1003,10]",0,"[1003,50]",,,0,0,[],[],0,
741,5,151,400,,0,"[1003,15]",0,"[1003,80]",,,0,0,[],[],0,
742,6,151,500,,0,"[1003,15]",0,"[1003,80]",,,0,0,[],[],0,
743,7,151,500,,0,"[1003,15]",0,"[1003,80]",,,0,0,[],[],0,
744,8,151,500,,0,"[1003,20]",0,"[1003,100]",,,0,1,[],[],0,
745,9,151,600,,0,"[1003,20]",0,"[1003,100]",,,0,0,[],[],0,
746,10,151,600,,0,"[1003,20]",0,"[1003,100]",,,0,0,[],[],0,
747,11,151,800,,0,"[1003,30]",0,"[1003,200]",,,0,0,[],[],0,
748,12,151,800,,0,"[1003,30]",0,"[1003,200]",,,0,0,[],[],0,
749,13,151,1000,,0,"[1003,30]",0,"[1003,200]",,,0,0,[],[],0,
750,14,151,1000,,0,"[1003,60]",0,"[11001,4]",,,1,1,"[2,11001]",[],0,
751,15,151,-1,,0,"[1003,100]",0,"[1003,800]",,,1,0,[],[],0,
752,0,150,200,ui_active_bp_dragon_180,0,"[1006,10]",2,"[341001,1]",ui_event2410_building_paddy,ui_event2410_building_paddy_des,1,1,"[3,341001]",[],800,
753,1,150,200,ui_active_bp_buy_icon_extra1,0,"[1006,10]",1,[1],eventmapslot,eventmapslot_desc,1,0,"[1,51002]",[],0,
754,2,150,300,,0,"[1006,10]",0,"[1006,50]",,,0,0,[],[],0,
755,3,150,300,,0,"[1006,10]",0,"[1006,50]",,,0,0,[],[],0,
756,4,150,400,,0,"[1006,10]",0,"[1006,50]",,,0,0,[],[],0,
757,5,150,400,,0,"[1006,15]",0,"[1006,80]",,,0,0,[],[],0,
758,6,150,500,,0,"[1006,15]",0,"[1006,80]",,,0,0,[],[],0,
759,7,150,500,,0,"[1006,15]",0,"[1006,80]",,,0,0,[],[],0,
760,8,150,500,,0,"[1006,20]",0,"[1006,100]",,,0,1,[],[],0,
761,9,150,600,,0,"[1006,20]",0,"[1006,100]",,,0,0,[],[],0,
762,10,150,600,,0,"[1006,20]",0,"[1006,100]",,,0,0,[],[],0,
763,11,150,800,,0,"[1006,30]",0,"[1006,200]",,,0,0,[],[],0,
764,12,150,800,,0,"[1006,30]",0,"[1006,200]",,,0,0,[],[],0,
765,13,150,1000,,0,"[1006,30]",0,"[1006,200]",,,0,0,[],[],0,
766,14,150,1000,,0,"[1006,60]",0,"[11001,4]",,,1,1,"[2,11001]",[],0,
767,15,150,-1,,0,"[1006,100]",0,"[1006,800]",,,1,0,[],[],0,
768,0,152,200,ui_active_bp_dragon_152,0,"[1003,10]",2,"[341001,1]",ui_event2410_building_paddy,ui_event2410_building_paddy_des,1,1,"[3,341001]",[],800,
769,1,152,200,ui_active_bp_buy_icon_extra1,0,"[1003,10]",1,[1],eventmapslot,eventmapslot_desc,1,0,"[1,51002]",[],0,
770,2,152,300,,0,"[1003,10]",0,"[1003,50]",,,0,0,[],[],0,
771,3,152,300,,0,"[1003,10]",0,"[1003,50]",,,0,0,[],[],0,
772,4,152,400,,0,"[1003,10]",0,"[1003,50]",,,0,0,[],[],0,
773,5,152,400,,0,"[1003,15]",0,"[1003,80]",,,0,0,[],[],0,
774,6,152,500,,0,"[1003,15]",0,"[1003,80]",,,0,0,[],[],0,
775,7,152,500,,0,"[1003,15]",0,"[1003,80]",,,0,0,[],[],0,
776,8,152,500,,0,"[1003,20]",0,"[1003,100]",,,0,1,[],[],0,
777,9,152,600,,0,"[1003,20]",0,"[1003,100]",,,0,0,[],[],0,
778,10,152,600,,0,"[1003,20]",0,"[1003,100]",,,0,0,[],[],0,
779,11,152,800,,0,"[1003,30]",0,"[1003,200]",,,0,0,[],[],0,
780,12,152,800,,0,"[1003,30]",0,"[1003,200]",,,0,0,[],[],0,
781,13,152,1000,,0,"[1003,30]",0,"[1003,200]",,,0,0,[],[],0,
782,14,152,1000,,0,"[1003,60]",0,"[11001,4]",,,1,1,"[2,11001]",[],0,
783,15,152,-1,,0,"[1003,100]",0,"[1003,800]",,,1,0,[],[],0,
