id,type,star,upperlevel,upthepower,productNum,expNum,skillid,item,model,component,produceTimeReduce,workAnimType
1,101,1,5,0,0,0,"[1300,1350,1400]","[[81001,5]]",Adelina01,,0.02,0
2,101,2,7,6,3,1,,"[[81001,10]]",Adelina01_star1,body_parts_101_1,0.03,0
3,101,3,9,12,6,2,,"[[81001,15]]",Adelina01_star2,body_parts_101_2,0.04,0
4,101,4,10,18,9,3,,"[[81001,20]]",Adelina01_star3,body_parts_101_3,0.05,0
5,101,5,12,24,12,4,,"[[81001,25]]",Adelina01_star4,body_parts_101_4,0.06,0
6,101,6,0,30,15,5,[9],[],Adelina01_star5,body_parts_101_5,0.07,0
7,102,1,5,0,0,0,"[1300,1350,1400]","[[81002,5]]",princelouis01,,0.02,0
8,102,2,7,6,3,1,,"[[81002,10]]",princelouis01_star1,body_parts_102_1,0.03,0
9,102,3,9,12,6,2,,"[[81002,15]]",princelouis01_star2,body_parts_102_2,0.04,0
10,102,4,10,18,9,3,,"[[81002,20]]",princelouis01_star3,body_parts_102_3,0.05,0
11,102,5,12,24,12,4,,"[[81002,25]]",princelouis01_star4,body_parts_102_4,0.06,0
12,102,6,0,30,15,5,[9],[],princelouis01_star5,body_parts_102_5,0.07,0
13,103,1,5,0,0,0,"[1300,1350,1400]","[[81003,5]]",Doris01,,0.02,0
14,103,2,7,6,3,1,,"[[81003,10]]",Doris01_star1,body_parts_103_1,0.03,0
15,103,3,9,12,6,2,,"[[81003,15]]",Doris01_star2,body_parts_103_2,0.04,0
16,103,4,10,18,9,3,,"[[81003,20]]",Doris01_star3,body_parts_103_3,0.05,0
17,103,5,12,24,12,4,,"[[81003,25]]",Doris01_star4,body_parts_103_4,0.06,0
18,103,6,0,30,15,5,[9],[],Doris01_star5,body_parts_103_5,0.07,0
19,104,1,5,0,0,0,"[1300,1350,1400]","[[81004,5]]",Elina01,,0.02,0
20,104,2,7,6,3,1,,"[[81004,10]]",Elina01_star1,body_parts_104_1,0.03,0
21,104,3,9,12,6,2,,"[[81004,15]]",Elina01_star2,body_parts_104_2,0.04,0
22,104,4,10,18,9,3,,"[[81004,20]]",Elina01_star3,body_parts_104_3,0.05,0
23,104,5,12,24,12,4,,"[[81004,25]]",Elina01_star4,body_parts_104_4,0.06,0
24,104,6,0,30,15,5,[9],[],Elina01_star5,body_parts_104_5,0.07,0
25,105,1,5,0,0,0,"[1300,1350,1400]","[[81005,5]]",dwarfd01,,0.02,0
26,105,2,7,6,3,1,,"[[81005,10]]",dwarfd01_star1,body_parts_105_1,0.03,0
27,105,3,9,12,6,2,,"[[81005,15]]",dwarfd01_star2,body_parts_105_2,0.04,0
28,105,4,10,18,9,3,,"[[81005,20]]",dwarfd01_star3,body_parts_105_3,0.05,0
29,105,5,12,24,12,4,,"[[81005,25]]",dwarfd01_star4,body_parts_105_4,0.06,0
30,105,6,0,30,15,5,[9],[],dwarfd01_star5,body_parts_105_5,0.07,0
31,106,1,5,0,0,0,"[1300,1350,1400]","[[81006,5]]",snowwhite01,,0.02,0
32,106,2,7,6,3,1,,"[[81006,10]]",snowwhite01_star1,body_parts_106_1,0.03,0
33,106,3,9,12,6,2,,"[[81006,15]]",snowwhite01_star2,body_parts_106_2,0.04,0
34,106,4,10,18,9,3,,"[[81006,20]]",snowwhite01_star3,body_parts_106_3,0.05,0
35,106,5,12,24,12,4,,"[[81006,25]]",snowwhite01_star4,body_parts_106_4,0.06,0
36,106,6,0,30,15,5,[9],[],snowwhite01_star5,body_parts_106_5,0.07,0
37,107,1,5,0,0,0,"[1300,1350,1400]","[[81007,5]]",snowwhitemom01,,0.02,0
38,107,2,7,6,3,1,,"[[81007,10]]",snowwhitemom01_star1,body_parts_107_1,0.03,0
39,107,3,9,12,6,2,,"[[81007,15]]",snowwhitemom01_star2,body_parts_107_2,0.04,0
40,107,4,10,18,9,3,,"[[81007,20]]",snowwhitemom01_star3,body_parts_107_3,0.05,0
41,107,5,12,24,12,4,,"[[81007,25]]",snowwhitemom01_star4,body_parts_107_4,0.06,0
42,107,6,0,30,15,5,[9],[],snowwhitemom01_star5,body_parts_107_5,0.07,0
43,108,1,5,0,0,0,"[1300,1350,1400]","[[81008,5]]",princeflorian01,,0.02,0
44,108,2,7,6,3,1,,"[[81008,10]]",princeflorian01_star1,body_parts_108_1,0.03,0
45,108,3,9,12,6,2,,"[[81008,15]]",princeflorian01_star2,body_parts_108_2,0.04,0
46,108,4,10,18,9,3,,"[[81008,20]]",princeflorian01_star3,body_parts_108_3,0.05,0
47,108,5,12,24,12,4,,"[[81008,25]]",princeflorian01_star4,body_parts_108_4,0.06,0
48,108,6,0,30,15,5,[9],[],princeflorian01_star5,body_parts_108_5,0.07,0
49,109,1,5,0,0,0,"[1300,1350,1400]","[[81009,5]]",sorcererguilty01,,0.02,0
50,109,2,7,6,3,1,,"[[81009,10]]",sorcererguilty01_star1,body_parts_109_1,0.03,0
51,109,3,9,12,6,2,,"[[81009,15]]",sorcererguilty01_star2,body_parts_109_2,0.04,0
52,109,4,10,18,9,3,,"[[81009,20]]",sorcererguilty01_star3,body_parts_109_3,0.05,0
53,109,5,12,24,12,4,,"[[81009,25]]",sorcererguilty01_star4,body_parts_109_4,0.06,0
54,109,6,0,30,15,5,[9],[],sorcererguilty01_star5,body_parts_109_5,0.07,0
55,110,1,5,0,0,0,"[1300,1350,1400]","[[81010,5]]",cinderella01,,0.02,0
56,110,2,7,6,3,1,,"[[81010,10]]",cinderella01_star1,body_parts_110_1,0.03,0
57,110,3,9,12,6,2,,"[[81010,15]]",cinderella01_star2,body_parts_110_2,0.04,0
58,110,4,10,18,9,3,,"[[81010,20]]",cinderella01_star3,body_parts_110_3,0.05,0
59,110,5,12,24,12,4,,"[[81010,25]]",cinderella01_star4,body_parts_110_4,0.06,0
60,110,6,0,30,15,5,[9],[],cinderella01_star5,body_parts_110_5,0.07,0
163,112,1,5,0,0,0,"[1300,1350,1400]","[[81012,5]]",ericwithdagger01,,0.02,0
164,112,2,7,6,3,1,,"[[81012,10]]",ericwithdagger01_star1,body_parts_112_1,0.03,0
165,112,3,9,12,6,2,,"[[81012,15]]",ericwithdagger01_star2,body_parts_112_2,0.04,0
166,112,4,10,18,9,3,,"[[81012,20]]",ericwithdagger01_star3,body_parts_112_3,0.05,0
167,112,5,12,24,12,4,,"[[81012,25]]",ericwithdagger01_star4,body_parts_112_4,0.06,0
168,112,6,0,30,15,5,[9],[],ericwithdagger01_star5,body_parts_112_5,0.07,0
113001,113,1,5,0,0,0,"[1300,1350,1400]","[[81013,5]]",mermaidalana01,,0.02,0
113002,113,2,7,6,3,1,,"[[81013,10]]",mermaidalana01_star1,body_parts_113_1,0.03,0
113003,113,3,9,12,6,2,,"[[81013,15]]",mermaidalana01_star2,body_parts_113_2,0.04,0
113004,113,4,10,18,9,3,,"[[81013,20]]",mermaidalana01_star3,body_parts_113_3,0.05,0
113005,113,5,12,24,12,4,,"[[81013,25]]",mermaidalana01_star4,body_parts_113_4,0.06,0
113006,113,6,0,30,15,5,[9],[],mermaidalana01_star5,body_parts_113_5,0.07,0
114001,114,1,5,0,0,0,"[1300,1350,1400]","[[81014,5]]",priestessava01,,0.02,0
114002,114,2,7,6,3,1,,"[[81014,10]]",priestessava01_star1,body_parts_114_1,0.03,0
114003,114,3,9,12,6,2,,"[[81014,15]]",priestessava01_star2,body_parts_114_2,0.04,0
114004,114,4,10,18,9,3,,"[[81014,20]]",priestessava01_star3,body_parts_114_3,0.05,0
114005,114,5,12,24,12,4,,"[[81014,25]]",priestessava01_star4,body_parts_114_4,0.06,0
114006,114,6,0,30,15,5,[9],[],priestessava01_star5,body_parts_114_5,0.07,0
115001,115,1,5,0,0,0,"[1300,1350,1400]","[[81015,5]]",,,0.02,0
115002,115,2,7,6,3,1,,"[[81015,10]]",,,0.03,0
115003,115,3,9,12,6,2,,"[[81015,15]]",,,0.04,0
115004,115,4,10,18,9,3,,"[[81015,20]]",,,0.05,0
115005,115,5,12,24,12,4,,"[[81015,25]]",,,0.06,0
115006,115,6,0,30,15,5,[9],[],,,0.07,0
116001,116,1,5,0,0,0,"[1300,1350,1400]","[[81016,5]]",,,0.02,0
116002,116,2,7,6,3,1,,"[[81016,10]]",,,0.03,0
116003,116,3,9,12,6,2,,"[[81016,15]]",,,0.04,0
116004,116,4,10,18,9,3,,"[[81016,20]]",,,0.05,0
116005,116,5,12,24,12,4,,"[[81016,25]]",,,0.06,0
116006,116,6,0,30,15,5,[9],[],,,0.07,0
117001,117,1,5,0,0,0,"[1300,1350,1400]","[[81017,5]]",princefinn01,,0.02,0
117002,117,2,7,6,3,1,,"[[81017,10]]",princefinn01_star1,body_parts_117_1,0.03,0
117003,117,3,9,12,6,2,,"[[81017,15]]",princefinn01_star2,body_parts_117_2,0.04,0
117004,117,4,10,18,9,3,,"[[81017,20]]",princefinn01_star3,body_parts_117_3,0.05,0
117005,117,5,12,24,12,4,,"[[81017,25]]",princefinn01_star4,body_parts_117_4,0.06,0
117006,117,6,0,30,15,5,[9],[],princefinn01_star5,body_parts_117_5,0.07,0
118001,118,1,5,0,0,0,"[1300,1350,1400]","[[81018,5]]",,,0.02,0
118002,118,2,7,6,3,1,,"[[81018,10]]",,,0.03,0
118003,118,3,9,12,6,2,,"[[81018,15]]",,,0.04,0
118004,118,4,10,18,9,3,,"[[81018,20]]",,,0.05,0
118005,118,5,12,24,12,4,,"[[81018,25]]",,,0.06,0
118006,118,6,0,30,15,5,[9],[],,,0.07,0
119001,119,1,5,0,0,0,"[1300,1350,1400]","[[81019,5]]",,,0.02,0
119002,119,2,7,6,3,1,,"[[81019,10]]",,,0.03,0
119003,119,3,9,12,6,2,,"[[81019,15]]",,,0.04,0
119004,119,4,10,18,9,3,,"[[81019,20]]",,,0.05,0
119005,119,5,12,24,12,4,,"[[81019,25]]",,,0.06,0
119006,119,6,0,30,15,5,[9],[],,,0.07,0
120001,120,1,5,0,0,0,"[1300,1350,1400]","[[81020,5]]",,,0.02,0
120002,120,2,7,6,3,1,,"[[81020,10]]",,,0.03,0
120003,120,3,9,12,6,2,,"[[81020,15]]",,,0.04,0
120004,120,4,10,18,9,3,,"[[81020,20]]",,,0.05,0
120005,120,5,12,24,12,4,,"[[81020,25]]",,,0.06,0
120006,120,6,0,30,15,5,[9],[],,,0.07,0
61,111,1,2,0,0,0,"[1300,1350,1400]","[[81011,10]]",Lacey01,,0.1,0
62,111,2,4,8,3,10,,"[[81011,20]]",Lacey01_star1,body_parts_111_1,0.12,0
63,111,3,6,16,6,20,,"[[81011,30]]",Lacey01_star2,body_parts_111_2,0.14,0
64,111,4,8,24,9,30,[10],"[[81011,40]]",Lacey01_star3,body_parts_111_3,0.16,0
65,111,5,10,32,12,40,[10],"[[81011,50]]",Lacey01_star4,body_parts_111_4,0.18,0
66,111,6,0,40,15,50,[11],[],Lacey01_star5,body_parts_111_5,0.2,0
67,201,1,2,0,0,0,"[1300,1350,1400]","[[82001,10]]",dwarfgrumpynormal01,,0.1,0
68,201,2,4,8,3,10,,"[[82001,20]]",dwarfgrumpynormal01_star1,body_parts_201_1,0.12,0
69,201,3,6,16,6,20,,"[[82001,30]]",dwarfgrumpynormal01_star2,body_parts_201_2,0.14,0
70,201,4,8,24,9,30,[10],"[[82001,40]]",dwarfgrumpynormal01_star3,body_parts_201_3,0.16,0
71,201,5,10,32,12,40,[10],"[[82001,50]]",dwarfgrumpynormal01_star4,body_parts_201_4,0.18,0
72,201,6,0,40,15,50,[11],[],dwarfgrumpynormal01_star5,body_parts_201_5,0.2,0
73,202,1,2,0,0,0,"[1300,1350,1400]","[[82002,10]]",youngregina01,,0.1,0
74,202,2,4,8,3,10,,"[[82002,20]]",youngregina01_star1,body_parts_202_1,0.12,0
75,202,3,6,16,6,20,,"[[82002,30]]",youngregina01_star2,body_parts_202_2,0.14,0
76,202,4,8,24,9,30,[10],"[[82002,40]]",youngregina01_star3,body_parts_202_3,0.16,0
77,202,5,10,32,12,40,[10],"[[82002,50]]",youngregina01_star4,body_parts_202_4,0.18,0
78,202,6,0,40,15,50,[11],[],youngregina01_star5,body_parts_202_5,0.2,0
79,203,1,2,0,0,0,"[1300,1350,1400]","[[82003,10]]",youngsorcerer01,,0.1,0
80,203,2,4,8,3,10,,"[[82003,20]]",youngsorcerer01_star1,body_parts_203_1,0.12,0
81,203,3,6,16,6,20,,"[[82003,30]]",youngsorcerer01_star2,body_parts_203_2,0.14,0
82,203,4,8,24,9,30,[10],"[[82003,40]]",youngsorcerer01_star3,body_parts_203_3,0.16,0
83,203,5,10,32,12,40,[10],"[[82003,50]]",youngsorcerer01_star4,body_parts_203_4,0.18,0
84,203,6,0,40,15,50,[11],[],youngsorcerer01_star5,body_parts_203_5,0.2,0
85,204,1,2,0,0,0,"[1300,1350,1400]","[[82004,10]]",sorcerermerchant01,,0.1,0
86,204,2,4,8,3,10,,"[[82004,20]]",sorcerermerchant01_star1,body_parts_204_1,0.12,0
87,204,3,6,16,6,20,,"[[82004,30]]",sorcerermerchant01_star2,body_parts_204_2,0.14,0
88,204,4,8,24,9,30,[10],"[[82004,40]]",sorcerermerchant01_star3,body_parts_204_3,0.16,0
89,204,5,10,32,12,40,[10],"[[82004,50]]",sorcerermerchant01_star4,body_parts_204_4,0.18,0
90,204,6,0,40,15,50,[11],[],sorcerermerchant01_star5,body_parts_204_5,0.2,0
91,205,1,2,0,0,0,"[1300,1350,1400]","[[82005,10]]",cinderelladressed01,,0.1,0
92,205,2,4,8,3,10,,"[[82005,20]]",cinderelladressed01_star1,body_parts_205_1,0.12,0
93,205,3,6,16,6,20,,"[[82005,30]]",cinderelladressed01_star2,body_parts_205_2,0.14,0
94,205,4,8,24,9,30,[10],"[[82005,40]]",cinderelladressed01_star3,body_parts_205_3,0.16,0
95,205,5,10,32,12,40,[10],"[[82005,50]]",cinderelladressed01_star4,body_parts_205_4,0.18,0
96,205,6,0,40,15,50,[11],[],cinderelladressed01_star5,body_parts_205_5,0.2,0
97,206,1,2,0,0,0,"[1300,1350,1400]","[[82006,10]]",Feyawitch01,,0.1,0
98,206,2,4,8,3,10,,"[[82006,20]]",Feyawitch01_star1,body_parts_206_1,0.12,0
99,206,3,6,16,6,20,,"[[82006,30]]",Feyawitch01_star2,body_parts_206_2,0.14,0
100,206,4,8,24,9,30,[10],"[[82006,40]]",Feyawitch01_star3,body_parts_206_3,0.16,0
101,206,5,10,32,12,40,[10],"[[82006,50]]",Feyawitch01_star4,body_parts_206_4,0.18,0
102,206,6,0,40,15,50,[11],[],Feyawitch01_star5,body_parts_206_5,0.2,0
103,207,1,2,0,0,0,"[1300,1350,1400]","[[82007,10]]",Elinawings01,,0.1,0
104,207,2,4,8,3,10,,"[[82007,20]]",Elinawings01_star1,body_parts_207_1,0.12,0
105,207,3,6,16,6,20,,"[[82007,30]]",Elinawings01_star2,body_parts_207_2,0.14,0
106,207,4,8,24,9,30,[10],"[[82007,40]]",Elinawings01_star3,body_parts_207_3,0.16,0
107,207,5,10,32,12,40,[10],"[[82007,50]]",Elinawings01_star4,body_parts_207_4,0.18,0
108,207,6,0,40,15,50,[11],[],Elinawings01_star5,body_parts_207_5,0.2,0
208001,208,1,2,0,0,0,"[1300,1350,1400]","[[82008,10]]",heartsoldier,,0.1,0
208002,208,2,4,8,3,10,,"[[82008,20]]",heartsoldier_star1,body_parts_208_1,0.12,0
208003,208,3,6,16,6,20,,"[[82008,30]]",heartsoldier_star2,body_parts_208_2,0.14,0
208004,208,4,8,24,9,30,[10],"[[82008,40]]",heartsoldier_star3,body_parts_208_3,0.16,0
208005,208,5,10,32,12,40,[10],"[[82008,50]]",heartsoldier_star4,body_parts_208_4,0.18,0
208006,208,6,0,40,15,50,[11],[],heartsoldier_star5,body_parts_208_5,0.2,0
209001,209,1,2,0,0,0,"[1300,1350,1400]","[[82009,10]]",Lucifer,,0.1,0
209002,209,2,4,8,3,10,,"[[82009,20]]",Lucifer_star1,body_parts_209_1,0.12,0
209003,209,3,6,16,6,20,,"[[82009,30]]",Lucifer_star2,body_parts_209_2,0.14,0
209004,209,4,8,24,9,30,[10],"[[82009,40]]",Lucifer_star3,body_parts_209_3,0.16,0
209005,209,5,10,32,12,40,[10],"[[82009,50]]",Lucifer_star4,body_parts_209_4,0.18,0
209006,209,6,0,40,15,50,[11],[],Lucifer_star5,body_parts_209_5,0.2,0
210001,210,1,2,0,0,0,"[1300,1350,1400]","[[82010,10]]",Ariel,,0.1,0
210002,210,2,4,8,3,10,,"[[82010,20]]",Ariel_star1,body_parts_210_1,0.12,0
210003,210,3,6,16,6,20,,"[[82010,30]]",Ariel_star2,body_parts_210_2,0.14,0
210004,210,4,8,24,9,30,[10],"[[82010,40]]",Ariel_star3,body_parts_210_3,0.16,0
210005,210,5,10,32,12,40,[10],"[[82010,50]]",Ariel_star4,body_parts_210_4,0.18,0
210006,210,6,0,40,15,50,[11],[],Ariel_star5,body_parts_210_5,0.2,0
109,301,1,2,0,0,0,"[1300,1350,1400]","[[83001,15]]",snowywithbaby,,0.2,0
110,301,2,4,13,3,50,,"[[83001,30]]",snowywithbaby_star1,body_parts_301_1,0.23,0
111,301,3,6,26,6,100,[12],"[[83001,45]]",snowywithbaby_star2,body_parts_301_2,0.26,0
112,301,4,8,39,9,150,[13],"[[83001,60]]",snowywithbaby_star3,body_parts_301_3,0.29,0
113,301,5,10,52,12,200,[13],"[[83001,75]]",snowywithbaby_star4,body_parts_301_4,0.32,0
114,301,6,0,65,15,250,[14],[],snowywithbaby_star5,body_parts_301_5,0.35,0
115,302,1,2,0,0,0,"[1300,1350,1400]","[[83002,15]]",cinderellaemo01,,0.2,0
116,302,2,4,13,3,50,,"[[83002,30]]",cinderellaemo01_star1,body_parts_302_1,0.23,0
117,302,3,6,26,6,100,[12],"[[83002,45]]",cinderellaemo01_star2,body_parts_302_2,0.26,0
118,302,4,8,39,9,150,[13],"[[83002,60]]",cinderellaemo01_star3,body_parts_302_3,0.29,0
119,302,5,10,52,12,200,[13],"[[83002,75]]",cinderellaemo01_star4,body_parts_302_4,0.32,0
120,302,6,0,65,15,250,[14],[],cinderellaemo01_star5,body_parts_302_5,0.35,0
121,303,1,2,0,0,0,"[1300,1350,1400]","[[83003,15]]",modernlouis01,,0.2,0
122,303,2,4,13,3,50,,"[[83003,30]]",modernlouis01_star1,body_parts_303_1,0.23,0
123,303,3,6,26,6,100,[12],"[[83003,45]]",modernlouis01_star2,body_parts_303_2,0.26,0
124,303,4,8,39,9,150,[13],"[[83003,60]]",modernlouis01_star3,body_parts_303_3,0.29,0
125,303,5,10,52,12,200,[13],"[[83003,75]]",modernlouis01_star4,body_parts_303_4,0.32,0
126,303,6,0,65,15,250,[14],[],modernlouis01_star5,body_parts_303_5,0.35,0
151,304,1,2,0,0,0,"[1300,1350,1400]","[[83004,15]]",mermaidairelsoul01,,0.2,0
152,304,2,4,13,2,50,,"[[83004,30]]",mermaidairelsoul01_star1,body_parts_304_1,0.23,0
153,304,3,6,26,4,100,[12],"[[83004,45]]",mermaidairelsoul01_star2,body_parts_304_2,0.26,0
154,304,4,8,39,6,150,[13],"[[83004,60]]",mermaidairelsoul01_star3,body_parts_304_3,0.29,0
155,304,5,10,52,8,200,[13],"[[83004,75]]",mermaidairelsoul01_star4,body_parts_304_4,0.32,0
156,304,6,0,65,10,250,[14],[],mermaidairelsoul01_star5,body_parts_304_5,0.35,0
305001,305,1,2,0,0,0,"[1300,1350,1400]","[[83005,15]]",,,0.2,0
305002,305,2,4,13,3,50,,"[[83005,30]]",,,0.23,0
305003,305,3,6,26,6,100,[12],"[[83005,45]]",,,0.26,0
305004,305,4,8,39,9,150,[13],"[[83005,60]]",,,0.29,0
305005,305,5,10,52,12,200,[13],"[[83005,75]]",,,0.32,0
305006,305,6,0,65,15,250,[14],[],,,0.35,0
306001,306,1,2,0,0,0,"[1300,1350,1400]","[[83006,15]]",alicerabbit,,0.2,1
306002,306,2,4,13,3,50,,"[[83006,30]]",alicerabbit_star1,body_parts_306_1,0.23,1
306003,306,3,6,26,6,100,[12],"[[83006,45]]",alicerabbit_star2,body_parts_306_2,0.26,1
306004,306,4,8,39,9,150,[13],"[[83006,60]]",alicerabbit_star3,body_parts_306_3,0.29,1
306005,306,5,10,52,12,200,[13],"[[83006,75]]",alicerabbit_star4,body_parts_306_4,0.32,1
306006,306,6,0,65,15,250,[14],[],alicerabbit_star5,body_parts_306_5,0.35,1
307001,307,1,2,0,0,0,"[1300,1350,1400]","[[83007,15]]",hannah01,,0.2,0
307002,307,2,4,13,3,50,,"[[83007,30]]",hannah01_star1,body_parts_307_1,0.23,0
307003,307,3,6,26,6,100,[12],"[[83007,45]]",hannah01_star2,body_parts_307_2,0.26,0
307004,307,4,8,39,9,150,[13],"[[83007,60]]",hannah01_star3,body_parts_307_3,0.29,0
307005,307,5,10,52,12,200,[13],"[[83007,75]]",hannah01_star4,body_parts_307_4,0.32,0
307006,307,6,0,65,15,250,[14],[],hannah01_star5,body_parts_307_5,0.35,0
308001,308,1,2,0,0,0,"[1300,1350,1400]","[[83008,15]]",whitehorse,,0.2,1
308002,308,2,4,13,3,50,,"[[83008,30]]",whitehorse_star1,body_parts_308_1,0.23,1
308003,308,3,6,26,6,100,[12],"[[83008,45]]",whitehorse_star2,body_parts_308_2,0.26,1
308004,308,4,8,39,9,150,[13],"[[83008,60]]",whitehorse_star3,body_parts_308_3,0.29,1
308005,308,5,10,52,12,200,[13],"[[83008,75]]",whitehorse_star4,body_parts_308_4,0.32,1
308006,308,6,0,65,15,250,[14],[],whitehorse_star5,body_parts_308_5,0.35,1
309001,309,1,2,0,0,0,"[1300,1350,1400]","[[83009,15]]",rapunzelemo01,,0.2,0
309002,309,2,4,13,3,50,,"[[83009,30]]",rapunzelemo01_star1,body_parts_309_1,0.23,0
309003,309,3,6,26,6,100,[12],"[[83009,45]]",rapunzelemo01_star2,body_parts_309_2,0.26,0
309004,309,4,8,39,9,150,[13],"[[83009,60]]",rapunzelemo01_star3,body_parts_309_3,0.29,0
309005,309,5,10,52,12,200,[13],"[[83009,75]]",rapunzelemo01_star4,body_parts_309_4,0.32,0
309006,309,6,0,65,15,250,[14],[],rapunzelemo01_star5,body_parts_309_5,0.35,0
310001,310,1,2,0,0,0,"[1300,1350,1400]","[[83010,15]]",petscuttle,,0.2,1
310002,310,2,4,13,3,50,,"[[83010,30]]",petscuttle_star1,body_parts_310_1,0.23,1
310003,310,3,6,26,6,100,[12],"[[83010,45]]",petscuttle_star2,body_parts_310_2,0.26,1
310004,310,4,8,39,9,150,[13],"[[83010,60]]",petscuttle_star3,body_parts_310_3,0.29,1
310005,310,5,10,52,12,200,[13],"[[83010,75]]",petscuttle_star4,body_parts_310_4,0.32,1
310006,310,6,0,65,15,250,[14],[],petscuttle_star5,body_parts_310_5,0.35,1
311001,311,1,2,0,0,0,"[1300,1350,1400]","[[83011,15]]",petmax,,0.2,0
311002,311,2,4,13,3,50,,"[[83011,30]]",petmax_star1,body_parts_311_1,0.23,0
311003,311,3,6,26,6,100,[12],"[[83011,45]]",petmax_star2,body_parts_311_2,0.26,0
311004,311,4,8,39,9,150,[13],"[[83011,60]]",petmax_star3,body_parts_311_3,0.29,0
311005,311,5,10,52,12,200,[13],"[[83011,75]]",petmax_star4,body_parts_311_4,0.32,0
311006,311,6,0,65,15,250,[14],[],petmax_star5,body_parts_311_5,0.35,0
312001,312,1,2,0,0,0,"[1300,1350,1400]","[[83012,15]]",petflounder,,0.2,1
312002,312,2,4,13,3,50,,"[[83012,30]]",petflounder_star1,body_parts_312_1,0.23,1
312003,312,3,6,26,6,100,[12],"[[83012,45]]",petflounder_star2,body_parts_312_2,0.26,1
312004,312,4,8,39,9,150,[13],"[[83012,60]]",petflounder_star3,body_parts_312_3,0.29,1
312005,312,5,10,52,12,200,[13],"[[83012,75]]",petflounder_star4,body_parts_312_4,0.32,1
312006,312,6,0,65,15,250,[14],[],petflounder_star5,body_parts_312_5,0.35,1
313001,313,1,2,0,0,0,"[1300,1350,1400]","[[83013,15]]",seahorse,,0.2,1
313002,313,2,4,13,3,50,,"[[83013,30]]",seahorse_star1,body_parts_313_1,0.23,1
313003,313,3,6,26,6,100,[12],"[[83013,45]]",seahorse_star2,body_parts_313_2,0.26,1
313004,313,4,8,39,9,150,[13],"[[83013,60]]",seahorse_star3,body_parts_313_3,0.29,1
313005,313,5,10,52,12,200,[13],"[[83013,75]]",seahorse_star4,body_parts_313_4,0.32,1
313006,313,6,0,65,15,250,[14],[],seahorse_star5,body_parts_313_5,0.35,1
314001,314,1,2,0,0,0,"[1300,1350,1400]","[[83014,15]]",princefinnmodern01,,0.2,0
314002,314,2,4,13,3,50,,"[[83014,30]]",princefinnmodern01_star1,body_parts_314_1,0.23,0
314003,314,3,6,26,6,100,[12],"[[83014,45]]",princefinnmodern01_star2,body_parts_314_2,0.26,0
314004,314,4,8,39,9,150,[13],"[[83014,60]]",princefinnmodern01_star3,body_parts_314_3,0.29,0
314005,314,5,10,52,12,200,[13],"[[83014,75]]",princefinnmodern01_star4,body_parts_314_4,0.32,0
314006,314,6,0,65,15,250,[14],[],princefinnmodern01_star5,body_parts_314_5,0.35,0
315001,315,1,2,0,0,0,"[1300,1350,1400]","[[83015,15]]",lumiere,,0.2,1
315002,315,2,4,13,3,50,,"[[83015,30]]",lumiere_star1,body_parts_315_1,0.23,1
315003,315,3,6,26,6,100,[12],"[[83015,45]]",lumiere_star2,body_parts_315_2,0.26,1
315004,315,4,8,39,9,150,[13],"[[83015,60]]",lumiere_star3,body_parts_315_3,0.29,1
315005,315,5,10,52,12,200,[13],"[[83015,75]]",lumiere_star4,body_parts_315_4,0.32,1
315006,315,6,0,65,15,250,[14],[],lumiere_star5,body_parts_315_5,0.35,1
316001,316,1,2,0,0,0,"[1300,1350,1400]","[[83016,15]]",meeko,,0.2,1
316002,316,2,4,13,1,50,,"[[83016,30]]",meeko_star1,body_parts_316_1,0.23,1
316003,316,3,6,26,2,100,[12],"[[83016,45]]",meeko_star2,body_parts_316_2,0.26,1
316004,316,4,8,39,3,150,[13],"[[83016,60]]",meeko_star3,body_parts_316_3,0.29,1
316005,316,5,10,52,4,200,[13],"[[83016,75]]",meeko_star4,body_parts_316_4,0.32,1
316006,316,6,0,65,5,250,[14],[],meeko_star5,body_parts_316_5,0.35,1
317001,317,1,2,0,0,0,"[1300,1350,1400]","[[83017,15]]",snowman,,0.2,0
317002,317,2,4,13,5,50,,"[[83017,30]]",snowman_star1,body_parts_317_1,0.23,0
317003,317,3,6,26,10,100,[12],"[[83017,45]]",snowman_star2,body_parts_317_2,0.26,0
317004,317,4,8,39,15,150,[13],"[[83017,60]]",snowman_star3,body_parts_317_3,0.29,0
317005,317,5,10,52,20,200,[13],"[[83017,75]]",snowman_star4,body_parts_317_4,0.32,0
317006,317,6,0,65,25,250,[14],[],snowman_star5,body_parts_317_5,0.35,0
318001,318,1,2,0,0,0,"[1300,1350,1400]","[[83018,15]]",mrspotts,,0.2,1
318002,318,2,4,13,1,50,,"[[83018,30]]",mrspotts_star1,body_parts_318_1,0.23,1
318003,318,3,6,26,2,100,[12],"[[83018,45]]",mrspotts_star2,body_parts_318_2,0.26,1
318004,318,4,8,39,3,150,[13],"[[83018,60]]",mrspotts_star3,body_parts_318_3,0.29,1
318005,318,5,10,52,4,200,[13],"[[83018,75]]",mrspotts_star4,body_parts_318_4,0.32,1
318006,318,6,0,65,5,250,[14],[],mrspotts_star5,body_parts_318_5,0.35,1
319001,319,1,2,0,0,0,"[1300,1350,1400]","[[83019,15]]",speedturtle,,0.2,1
319002,319,2,4,13,3,50,,"[[83019,30]]",speedturtle_star1,body_parts_319_1,0.23,1
319003,319,3,6,26,6,100,[12],"[[83019,45]]",speedturtle_star2,body_parts_319_2,0.26,1
319004,319,4,8,39,9,150,[13],"[[83019,60]]",speedturtle_star3,body_parts_319_3,0.29,1
319005,319,5,10,52,12,200,[13],"[[83019,75]]",speedturtle_star4,body_parts_319_4,0.32,1
319006,319,6,0,65,15,250,[14],[],speedturtle_star5,body_parts_319_5,0.35,1
320001,320,1,2,0,0,0,"[1300,1350,1400]","[[83020,15]]",,,0.2,1
320002,320,2,4,13,3,50,,"[[83020,30]]",,,0.23,1
320003,320,3,6,26,6,100,[12],"[[83020,45]]",,,0.26,1
320004,320,4,8,39,9,150,[13],"[[83020,60]]",,,0.29,1
320005,320,5,10,52,12,200,[13],"[[83020,75]]",,,0.32,1
320006,320,6,0,65,15,250,[14],[],,,0.35,1
321001,321,1,2,0,0,0,"[1300,1350,1400]","[[83021,15]]",,,0.2,1
321002,321,2,4,13,3,50,,"[[83021,30]]",,,0.23,1
321003,321,3,6,26,6,100,[12],"[[83021,45]]",,,0.26,1
321004,321,4,8,39,9,150,[13],"[[83021,60]]",,,0.29,1
321005,321,5,10,52,12,200,[13],"[[83021,75]]",,,0.32,1
321006,321,6,0,65,15,250,[14],[],,,0.35,1
322001,322,1,2,0,0,0,"[1300,1350,1400]","[[83022,15]]",edric,,0.2,1
322002,322,2,4,13,3,50,,"[[83022,30]]",edric_star1,body_parts_322_1,0.23,1
322003,322,3,6,26,6,100,[12],"[[83022,45]]",edric_star2,body_parts_322_2,0.26,1
322004,322,4,8,39,9,150,[13],"[[83022,60]]",edric_star3,body_parts_322_3,0.29,1
322005,322,5,10,52,12,200,[13],"[[83022,75]]",edric_star4,body_parts_322_4,0.32,1
322006,322,6,0,65,15,250,[14],[],edric_star5,body_parts_322_5,0.35,1
323001,323,1,2,0,0,0,"[1300,1350,1400]","[[83023,15]]",jester,,0.2,1
323002,323,2,4,13,3,50,,"[[83023,30]]",jester_star1,body_parts_323_1,0.23,1
323003,323,3,6,26,6,100,[12],"[[83023,45]]",jester_star2,body_parts_323_2,0.26,1
323004,323,4,8,39,9,150,[13],"[[83023,60]]",jester_star3,body_parts_323_3,0.29,1
323005,323,5,10,52,12,200,[13],"[[83023,75]]",jester_star4,body_parts_323_4,0.32,1
323006,323,6,0,65,15,250,[14],[],jester_star5,body_parts_323_5,0.35,1
324001,324,1,2,0,0,0,"[1300,1350,1400]","[[83024,15]]",baba,,0.2,1
324002,324,2,4,13,3,50,,"[[83024,30]]",baba_star1,body_parts_324_1,0.23,1
324003,324,3,6,26,6,100,[12],"[[83024,45]]",baba_star2,body_parts_324_2,0.26,1
324004,324,4,8,39,9,150,[13],"[[83024,60]]",baba_star3,body_parts_324_3,0.29,1
324005,324,5,10,52,12,200,[13],"[[83024,75]]",baba_star4,body_parts_324_4,0.32,1
324006,324,6,0,65,15,250,[14],[],baba_star5,body_parts_324_5,0.35,1
325001,325,1,2,0,0,0,"[1300,1350,1400]","[[83025,15]]",Franken,,0.2,1
325002,325,2,4,13,3,50,,"[[83025,30]]",Franken_star1,body_parts_325_1,0.23,1
325003,325,3,6,26,6,100,[12],"[[83025,45]]",Franken_star2,body_parts_325_2,0.26,1
325004,325,4,8,39,9,150,[13],"[[83025,60]]",Franken_star3,body_parts_325_3,0.29,1
325005,325,5,10,52,12,200,[13],"[[83025,75]]",Franken_star4,body_parts_325_4,0.32,1
325006,325,6,0,65,15,250,[14],[],Franken_star5,body_parts_325_5,0.35,1
326001,326,1,2,0,0,0,"[1300,1350,1400]","[[83026,15]]",captain,,0.2,1
326002,326,2,4,13,3,50,,"[[83026,30]]",captain_star1,body_parts_326_1,0.23,1
326003,326,3,6,26,6,100,[12],"[[83026,45]]",captain_star2,body_parts_326_2,0.26,1
326004,326,4,8,39,9,150,[13],"[[83026,60]]",captain_star3,body_parts_326_3,0.29,1
326005,326,5,10,52,12,200,[13],"[[83026,75]]",captain_star4,body_parts_326_4,0.32,1
326006,326,6,0,65,15,250,[14],[],captain_star5,body_parts_326_5,0.35,1
327001,327,1,2,0,0,0,"[1300,1350,1400]","[[83027,15]]",scarecrow,,0.2,1
327002,327,2,4,13,3,50,,"[[83027,30]]",scarecrow_star1,body_parts_327_1,0.23,1
327003,327,3,6,26,6,100,[12],"[[83027,45]]",scarecrow_star2,body_parts_327_2,0.26,1
327004,327,4,8,39,9,150,[13],"[[83027,60]]",scarecrow_star3,body_parts_327_3,0.29,1
327005,327,5,10,52,12,200,[13],"[[83027,75]]",scarecrow_star4,body_parts_327_4,0.32,1
327006,327,6,0,65,15,250,[14],[],scarecrow_star5,body_parts_327_5,0.35,1
328001,328,1,2,0,0,0,"[1300,1350,1400]","[[83028,15]]",zeus,,0.2,1
328002,328,2,4,13,3,50,,"[[83028,30]]",zeus_star1,body_parts_328_1,0.23,1
328003,328,3,6,26,6,100,[12],"[[83028,45]]",zeus_star2,body_parts_328_2,0.26,1
328004,328,4,8,39,9,150,[13],"[[83028,60]]",zeus_star3,body_parts_328_3,0.29,1
328005,328,5,10,52,12,200,[13],"[[83028,75]]",zeus_star4,body_parts_328_4,0.32,1
328006,328,6,0,65,15,250,[14],[],zeus_star5,body_parts_328_5,0.35,1
329001,329,1,2,0,0,0,"[1300,1350,1400]","[[83029,15]]",klaus,,0.2,1
329002,329,2,4,13,3,50,,"[[83029,30]]",klaus_star1,body_parts_329_1,0.23,1
329003,329,3,6,26,6,100,[12],"[[83029,45]]",klaus_star2,body_parts_329_2,0.26,1
329004,329,4,8,39,9,150,[13],"[[83029,60]]",klaus_star3,body_parts_329_3,0.29,1
329005,329,5,10,52,12,200,[13],"[[83029,75]]",klaus_star4,body_parts_329_4,0.32,1
329006,329,6,0,65,15,250,[14],[],klaus_star5,body_parts_329_5,0.35,1
330001,330,1,2,0,0,0,"[1300,1350,1400]","[[83030,15]]",misty,,0.2,1
330002,330,2,4,13,3,50,,"[[83030,30]]",misty_star1,body_parts_330_1,0.23,1
330003,330,3,6,26,6,100,[12],"[[83030,45]]",misty_star2,body_parts_330_2,0.26,1
330004,330,4,8,39,9,150,[13],"[[83030,60]]",misty_star3,body_parts_330_3,0.29,1
330005,330,5,10,52,12,200,[13],"[[83030,75]]",misty_star4,body_parts_330_4,0.32,1
330006,330,6,0,65,15,250,[14],[],misty_star5,body_parts_330_5,0.35,1
331001,331,1,2,0,0,0,"[1300,1350,1400]","[[83031,15]]",jacklantern,,0.2,1
331002,331,2,4,13,3,50,,"[[83031,30]]",jacklantern_star1,body_parts_331_1,0.23,1
331003,331,3,6,26,6,100,[12],"[[83031,45]]",jacklantern_star2,body_parts_331_2,0.26,1
331004,331,4,8,39,9,150,[13],"[[83031,60]]",jacklantern_star3,body_parts_331_3,0.29,1
331005,331,5,10,52,12,200,[13],"[[83031,75]]",jacklantern_star4,body_parts_331_4,0.32,1
331006,331,6,0,65,15,250,[14],[],jacklantern_star5,body_parts_331_5,0.35,1
332001,332,1,2,0,0,0,"[1300,1350,1400]","[[83032,15]]",abby,,0.2,1
332002,332,2,4,13,3,50,,"[[83032,30]]",abby_star1,body_parts_332_1,0.23,1
332003,332,3,6,26,6,100,[12],"[[83032,45]]",abby_star2,body_parts_332_2,0.26,1
332004,332,4,8,39,9,150,[13],"[[83032,60]]",abby_star3,body_parts_332_3,0.29,1
332005,332,5,10,52,12,200,[13],"[[83032,75]]",abby_star4,body_parts_332_4,0.32,1
332006,332,6,0,65,15,250,[14],[],abby_star5,body_parts_332_5,0.35,1
333001,333,1,2,0,0,0,"[1300,1350,1400]","[[83033,15]]",,,0.2,1
333002,333,2,4,13,3,50,,"[[83033,30]]",,,0.23,1
333003,333,3,6,26,6,100,[12],"[[83033,45]]",,,0.26,1
333004,333,4,8,39,9,150,[13],"[[83033,60]]",,,0.29,1
333005,333,5,10,52,12,200,[13],"[[83033,75]]",,,0.32,1
333006,333,6,0,65,15,250,[14],[],,,0.35,1
334001,334,1,2,0,0,0,"[1300,1350,1400]","[[83034,15]]",catbond,,0.2,1
334002,334,2,4,13,3,50,,"[[83034,30]]",catbond_star1,body_parts_334_1,0.23,1
334003,334,3,6,26,6,100,[12],"[[83034,45]]",catbond_star2,body_parts_334_2,0.26,1
334004,334,4,8,39,9,150,[13],"[[83034,60]]",catbond_star3,body_parts_334_3,0.29,1
334005,334,5,10,52,12,200,[13],"[[83034,75]]",catbond_star4,body_parts_334_4,0.32,1
334006,334,6,0,65,15,250,[14],[],catbond_star5,body_parts_334_5,0.35,1
335001,335,1,2,0,0,0,"[1300,1350,1400]","[[83035,15]]",,,0.2,1
335002,335,2,4,13,1,50,,"[[83035,30]]",,,0.23,1
335003,335,3,6,26,2,100,[12],"[[83035,45]]",,,0.26,1
335004,335,4,8,39,3,150,[13],"[[83035,60]]",,,0.29,1
335005,335,5,10,52,4,200,[13],"[[83035,75]]",,,0.32,1
335006,335,6,0,65,5,250,[14],[],,,0.35,1
336001,336,1,2,0,0,0,"[1300,1350,1400]","[[83036,15]]",,,0.2,1
336002,336,2,4,13,5,50,,"[[83036,30]]",,,0.23,1
336003,336,3,6,26,10,100,[12],"[[83036,45]]",,,0.26,1
336004,336,4,8,39,15,150,[13],"[[83036,60]]",,,0.29,1
336005,336,5,10,52,20,200,[13],"[[83036,75]]",,,0.32,1
336006,336,6,0,65,25,250,[14],[],,,0.35,1
337001,337,1,2,0,0,0,"[1300,1350,1400]","[[83037,15]]",,,0.2,1
337002,337,2,4,13,1,50,,"[[83037,30]]",,,0.23,1
337003,337,3,6,26,2,100,[12],"[[83037,45]]",,,0.26,1
337004,337,4,8,39,3,150,[13],"[[83037,60]]",,,0.29,1
337005,337,5,10,52,4,200,[13],"[[83037,75]]",,,0.32,1
337006,337,6,0,65,5,250,[14],[],,,0.35,1
338001,338,1,2,0,0,0,"[1300,1350,1400]","[[83038,15]]",,,0.2,1
338002,338,2,4,13,1,50,,"[[83038,30]]",,,0.23,1
338003,338,3,6,26,2,100,[12],"[[83038,45]]",,,0.26,1
338004,338,4,8,39,3,150,[13],"[[83038,60]]",,,0.29,1
338005,338,5,10,52,4,200,[13],"[[83038,75]]",,,0.32,1
338006,338,6,0,65,5,250,[14],[],,,0.35,1
339001,339,1,2,0,0,0,"[1300,1350,1400]","[[83039,15]]",,,0.2,1
339002,339,2,4,13,1,50,,"[[83039,30]]",,,0.23,1
339003,339,3,6,26,2,100,[12],"[[83039,45]]",,,0.26,1
339004,339,4,8,39,3,150,[13],"[[83039,60]]",,,0.29,1
339005,339,5,10,52,4,200,[13],"[[83039,75]]",,,0.32,1
339006,339,6,0,65,5,250,[14],[],,,0.35,1
340001,340,1,2,0,0,0,"[1300,1350,1400]","[[83040,15]]",,,0.2,1
340002,340,2,4,13,10,50,,"[[83040,30]]",,,0.23,1
340003,340,3,6,26,20,100,[12],"[[83040,45]]",,,0.26,1
340004,340,4,8,39,30,150,[13],"[[83040,60]]",,,0.29,1
340005,340,5,10,52,40,200,[13],"[[83040,75]]",,,0.32,1
340006,340,6,0,65,50,250,[14],[],,,0.35,1
341001,341,1,2,0,0,0,"[1300,1350,1400]","[[83041,15]]",,,0.2,1
341002,341,2,4,13,3,50,,"[[83041,30]]",,,0.23,1
341003,341,3,6,26,6,100,[12],"[[83041,45]]",,,0.26,1
341004,341,4,8,39,9,150,[13],"[[83041,60]]",,,0.29,1
341005,341,5,10,52,12,200,[13],"[[83041,75]]",,,0.32,1
341006,341,6,0,65,15,250,[14],[],,,0.35,1
127,401,1,2,0,0,0,"[1300,1350,1400,1]","[[84001,20]]",modernflorian01,,0.4,0
128,401,2,4,30,40,200,[1],"[[84001,40]]",modernflorian01_star1,body_parts_401_1,0.43,0
129,401,3,6,60,80,400,"[15,2]","[[84001,60]]",modernflorian01_star2,body_parts_401_2,0.46,0
130,401,4,8,90,120,600,"[16,2]","[[84001,80]]",modernflorian01_star3,body_parts_401_3,0.49,0
131,401,5,10,120,160,800,"[17,3]","[[84001,100]]",modernflorian01_star4,body_parts_401_4,0.52,0
132,401,6,0,150,200,1000,"[18,4]",[],modernflorian01_star5,body_parts_401_5,0.55,0
133,402,1,2,0,0,0,"[1300,1350,1400,1]","[[84002,20]]",snowwhitemodern01,,0.4,0
134,402,2,4,30,2,200,[1],"[[84002,40]]",snowwhitemodern01_star1,body_parts_402_1,0.43,0
135,402,3,6,60,4,400,"[15,2]","[[84002,60]]",snowwhitemodern01_star2,body_parts_402_2,0.46,0
136,402,4,8,90,6,600,"[16,2]","[[84002,80]]",snowwhitemodern01_star3,body_parts_402_3,0.49,0
137,402,5,10,120,8,800,"[17,3]","[[84002,100]]",snowwhitemodern01_star4,body_parts_402_4,0.52,0
138,402,6,0,150,10,1000,"[18,4]",[],snowwhitemodern01_star5,body_parts_402_5,0.55,0
139,403,1,2,0,0,0,"[1300,1350,1400,1]","[[84003,20]]",cinderellamodern01,,0.4,0
140,403,2,4,30,40,200,[1],"[[84003,40]]",cinderellamodern01_star1,body_parts_403_1,0.43,0
141,403,3,6,60,80,400,"[15,2]","[[84003,60]]",cinderellamodern01_star2,body_parts_403_2,0.46,0
142,403,4,8,90,120,600,"[16,2]","[[84003,80]]",cinderellamodern01_star3,body_parts_403_3,0.49,0
143,403,5,10,120,160,800,"[17,3]","[[84003,100]]",cinderellamodern01_star4,body_parts_403_4,0.52,0
144,403,6,0,150,200,1000,"[18,4]",[],cinderellamodern01_star5,body_parts_403_5,0.55,0
145,404,1,2,0,0,0,"[1300,1350,1400,1]","[[84004,20]]",Feyafairy01,,0.4,0
146,404,2,4,30,5,200,[1],"[[84004,40]]",Feyafairy01_star1,body_parts_404_1,0.43,0
147,404,3,6,60,12,400,"[15,2]","[[84004,60]]",Feyafairy01_star2,body_parts_404_2,0.46,0
148,404,4,8,90,20,600,"[16,2]","[[84004,80]]",Feyafairy01_star3,body_parts_404_3,0.49,0
149,404,5,10,120,30,800,"[17,3]","[[84004,100]]",Feyafairy01_star4,body_parts_404_4,0.52,0
150,404,6,0,150,45,1000,"[18,4]",[],Feyafairy01_star5,body_parts_404_5,0.55,0
157,405,1,2,0,0,0,"[1300,1350,1400,1]","[[84005,20]]",airelamnesia02,,0.4,0
158,405,2,4,30,5,200,[1],"[[84005,40]]",airelamnesia02_star1,body_parts_405_1,0.43,0
159,405,3,6,60,12,400,"[15,2]","[[84005,60]]",airelamnesia02_star2,body_parts_405_2,0.46,0
160,405,4,8,90,20,600,"[16,2]","[[84005,80]]",airelamnesia02_star3,body_parts_405_3,0.49,0
161,405,5,10,120,30,800,"[17,3]","[[84005,100]]",airelamnesia02_star4,body_parts_405_4,0.52,0
162,405,6,0,150,45,1000,"[18,4]",[],airelamnesia02_star5,body_parts_405_5,0.55,0
406001,406,1,2,0,0,0,"[1300,1350,1400,1]","[[84006,20]]",mermaidairel02,,0.4,0
406002,406,2,4,30,3,200,[1],"[[84006,40]]",mermaidairel02_star1,body_parts_406_1,0.43,0
406003,406,3,6,60,6,400,"[15,2]","[[84006,60]]",mermaidairel02_star2,body_parts_406_2,0.46,0
406004,406,4,8,90,9,600,"[16,2]","[[84006,80]]",mermaidairel02_star3,body_parts_406_3,0.49,0
406005,406,5,10,120,12,800,"[17,3]","[[84006,100]]",mermaidairel02_star4,body_parts_406_4,0.52,0
406006,406,6,0,150,15,1000,"[18,4]",[],mermaidairel02_star5,body_parts_406_5,0.55,0
407001,407,1,2,0,0,0,"[1300,1350,1400,1]","[[84007,20]]",ericwithdagger02,,0.4,0
407002,407,2,4,30,1,200,[1],"[[84007,40]]",ericwithdagger02_star1,body_parts_407_1,0.43,0
407003,407,3,6,60,2,400,"[15,2]","[[84007,60]]",ericwithdagger02_star2,body_parts_407_2,0.46,0
407004,407,4,8,90,3,600,"[16,2]","[[84007,80]]",ericwithdagger02_star3,body_parts_407_3,0.49,0
407005,407,5,10,120,4,800,"[17,3]","[[84007,100]]",ericwithdagger02_star4,body_parts_407_4,0.52,0
407006,407,6,0,150,5,1000,"[18,4]",[],ericwithdagger02_star5,body_parts_407_5,0.55,0
408001,408,1,2,0,0,0,"[1300,1350,1400,1]","[[84008,20]]",,,0.4,0
408002,408,2,4,30,1,200,[1],"[[84008,40]]",,,0.43,0
408003,408,3,6,60,2,400,"[15,2]","[[84008,60]]",,,0.46,0
408004,408,4,8,90,3,600,"[16,2]","[[84008,80]]",,,0.49,0
408005,408,5,10,120,4,800,"[17,3]","[[84008,100]]",,,0.52,0
408006,408,6,0,150,5,1000,"[18,4]",[],,,0.55,0
409001,409,1,2,0,0,0,"[1300,1350,1400,1]","[[84009,20]]",seawitchursula01,,0.4,0
409002,409,2,4,30,40,200,[1],"[[84009,40]]",seawitchursula01_star1,body_parts_409_1,0.43,0
409003,409,3,6,60,80,400,"[15,2]","[[84009,60]]",seawitchursula01_star2,body_parts_409_2,0.46,0
409004,409,4,8,90,120,600,"[16,2]","[[84009,80]]",seawitchursula01_star3,body_parts_409_3,0.49,0
409005,409,5,10,120,160,800,"[17,3]","[[84009,100]]",seawitchursula01_star4,body_parts_409_4,0.52,0
409006,409,6,0,150,200,1000,"[18,4]",[],seawitchursula01_star5,body_parts_409_5,0.55,0
410001,410,1,2,0,0,0,"[1300,1350,1400,1]","[[84010,20]]",,,0.4,0
410002,410,2,4,30,1,200,[1],"[[84010,40]]",,,0.43,0
410003,410,3,6,60,2,400,"[15,2]","[[84010,60]]",,,0.46,0
410004,410,4,8,90,3,600,"[16,2]","[[84010,80]]",,,0.49,0
410005,410,5,10,120,4,800,"[17,3]","[[84010,100]]",,,0.52,0
410006,410,6,0,150,5,1000,"[18,4]",[],,,0.55,0
411001,411,1,2,0,0,0,"[1300,1350,1400,1]","[[84011,20]]",abu,,0.4,0
411002,411,2,4,30,2,200,[1],"[[84011,40]]",abu_star1,body_parts_411_1,0.43,0
411003,411,3,6,60,4,400,"[15,2]","[[84011,60]]",abu_star2,body_parts_411_2,0.46,0
411004,411,4,8,90,6,600,"[16,2]","[[84011,80]]",abu_star3,body_parts_411_3,0.49,0
411005,411,5,10,120,8,800,"[17,3]","[[84011,100]]",abu_star4,body_parts_411_4,0.52,0
411006,411,6,0,150,10,1000,"[18,4]",[],abu_star5,body_parts_411_5,0.55,0
412001,412,1,2,0,0,0,"[1300,1350,1400,1]","[[84012,20]]",,,0.4,0
412002,412,2,4,30,3,200,[1],"[[84012,40]]",,,0.43,0
412003,412,3,6,60,6,400,"[15,2]","[[84012,60]]",,,0.46,0
412004,412,4,8,90,9,600,"[16,2]","[[84012,80]]",,,0.49,0
412005,412,5,10,120,12,800,"[17,3]","[[84012,100]]",,,0.52,0
412006,412,6,0,150,15,1000,"[18,4]",[],,,0.55,0
413001,413,1,2,0,0,0,"[1300,1350,1400,1]","[[84013,20]]",cogsworth,,0.4,1
413002,413,2,4,30,1,200,[1],"[[84013,40]]",cogsworth_star1,body_parts_413_1,0.43,1
413003,413,3,6,60,2,400,"[15,2]","[[84013,60]]",cogsworth_star2,body_parts_413_2,0.46,1
413004,413,4,8,90,3,600,"[16,2]","[[84013,80]]",cogsworth_star3,body_parts_413_3,0.49,1
413005,413,5,10,120,4,800,"[17,3]","[[84013,100]]",cogsworth_star4,body_parts_413_4,0.52,1
413006,413,6,0,150,5,1000,"[18,4]",[],cogsworth_star5,body_parts_413_5,0.55,1
414001,414,1,2,0,0,0,"[1300,1350,1400,1]","[[84014,20]]",rajah,,0.4,0
414002,414,2,4,30,1,200,[1],"[[84014,40]]",rajah_star1,body_parts_414_1,0.43,0
414003,414,3,6,60,2,400,"[15,2]","[[84014,60]]",rajah_star2,body_parts_414_2,0.46,0
414004,414,4,8,90,3,600,"[16,2]","[[84014,80]]",rajah_star3,body_parts_414_3,0.49,0
414005,414,5,10,120,4,800,"[17,3]","[[84014,100]]",rajah_star4,body_parts_414_4,0.52,0
414006,414,6,0,150,5,1000,"[18,4]",[],rajah_star5,body_parts_414_5,0.55,0
415001,415,1,2,0,0,0,"[1300,1350,1400,1]","[[84015,20]]",petowl,,0.4,1
415002,415,2,4,30,3,200,[1],"[[84015,40]]",petowl_star1,body_parts_415_1,0.43,1
415003,415,3,6,60,6,400,"[15,2]","[[84015,60]]",petowl_star2,body_parts_415_2,0.46,1
415004,415,4,8,90,9,600,"[16,2]","[[84015,80]]",petowl_star3,body_parts_415_3,0.49,1
415005,415,5,10,120,12,800,"[17,3]","[[84015,100]]",petowl_star4,body_parts_415_4,0.52,1
415006,415,6,0,150,15,1000,"[18,4]",[],petowl_star5,body_parts_415_5,0.55,1
416001,416,1,2,0,0,0,"[1300,1350,1400,1]","[[84016,20]]",wanderer,,0.4,0
416002,416,2,4,30,2,200,[1],"[[84016,40]]",wanderer_star1,body_parts_416_1,0.43,0
416003,416,3,6,60,4,400,"[15,2]","[[84016,60]]",wanderer_star2,body_parts_416_2,0.46,0
416004,416,4,8,90,6,600,"[16,2]","[[84016,80]]",wanderer_star3,body_parts_416_3,0.49,0
416005,416,5,10,120,8,800,"[17,3]","[[84016,100]]",wanderer_star4,body_parts_416_4,0.52,0
416006,416,6,0,150,10,1000,"[18,4]",[],wanderer_star5,body_parts_416_5,0.55,0
417001,417,1,2,0,0,0,"[1300,1350,1400,1]","[[84017,20]]",buck,,0.4,0
417002,417,2,4,30,1,200,[1],"[[84017,40]]",buck_star1,body_parts_417_1,0.43,0
417003,417,3,6,60,2,400,"[15,2]","[[84017,60]]",buck_star2,body_parts_417_2,0.46,0
417004,417,4,8,90,3,600,"[16,2]","[[84017,80]]",buck_star3,body_parts_417_3,0.49,0
417005,417,5,10,120,4,800,"[17,3]","[[84017,100]]",buck_star4,body_parts_417_4,0.52,0
417006,417,6,0,150,5,1000,"[18,4]",[],buck_star5,body_parts_417_5,0.55,0
418001,418,1,2,0,0,0,"[1300,1350,1400,1]","[[84018,20]]",,,0.4,0
418002,418,2,4,30,5,200,[1],"[[84018,40]]",,,0.43,0
418003,418,3,6,60,12,400,"[15,2]","[[84018,60]]",,,0.46,0
418004,418,4,8,90,20,600,"[16,2]","[[84018,80]]",,,0.49,0
418005,418,5,10,120,30,800,"[17,3]","[[84018,100]]",,,0.52,0
418006,418,6,0,150,45,1000,"[18,4]",[],,,0.55,0
419001,419,1,2,0,0,0,"[1300,1350,1400,1]","[[84019,20]]",,,0.4,0
419002,419,2,4,30,2,200,[1],"[[84019,40]]",,,0.43,0
419003,419,3,6,60,4,400,"[15,2]","[[84019,60]]",,,0.46,0
419004,419,4,8,90,6,600,"[16,2]","[[84019,80]]",,,0.49,0
419005,419,5,10,120,8,800,"[17,3]","[[84019,100]]",,,0.52,0
419006,419,6,0,150,10,1000,"[18,4]",[],,,0.55,0
420001,420,1,2,0,0,0,"[1300,1350,1400,1]","[[84020,20]]",,,0.4,0
420002,420,2,4,30,3,200,[1],"[[84020,40]]",,,0.43,0
420003,420,3,6,60,6,400,"[15,2]","[[84020,60]]",,,0.46,0
420004,420,4,8,90,9,600,"[16,2]","[[84020,80]]",,,0.49,0
420005,420,5,10,120,12,800,"[17,3]","[[84020,100]]",,,0.52,0
420006,420,6,0,150,15,1000,"[18,4]",[],,,0.55,0
