id,needMoney,energyLimitAdd,freeLottery,hangUpExtensionTime,hangUpEnergySpeedup,hangUpCoinSpeedup,VIPFruit,levelGift,dailyPack,
1,3,10,0,0,0,0,0,"[[1003,100]]","[[1003,5],[30000,1]]",
2,20,10,0,20,0,0,0,"[[1003,200],[30000,20]]","[[1003,10],[30000,2],[16000,2]]",
3,50,10,1,30,50,0,0,"[[1003,400],[30000,40],[2005,50]]","[[1003,15],[30000,4],[16000,2]]",
4,100,10,1,40,50,50,1,"[[1003,600],[30000,60],[2005,100]]","[[1003,20],[30000,6],[16000,3]]",
5,300,20,1,50,100,50,1,"[[304001,1],[1003,600],[30000,40]]","[[1003,25],[30000,8],[16000,3],[22000,1]]",
6,1000,20,2,60,100,100,1,"[[83004,20],[1003,800],[30000,60]]","[[1003,30],[30000,10],[16000,3],[22000,1]]",
7,2000,30,2,70,150,100,1,"[[83004,30],[1003,1000],[30000,80]]","[[1003,40],[30000,13],[16000,4],[22000,2]]",
8,5000,30,2,80,150,150,1,"[[83004,40],[1003,2000],[30000,100]]","[[1003,50],[30000,16],[16000,4],[22000,2]]",
9,10000,40,3,90,150,150,1,"[[83004,60],[1003,3000],[30000,200]]","[[1003,60],[30000,20],[16000,4],[22000,3]]",
