id,level,smallBpId,exp,normalType,normalReward,vipType,vipReward,payLabel,
1,0,110,500,0,"[1003,30]",1,[1],[],
2,1,110,300,0,"[1002,500]",0,"[1001,3]",[],
3,2,110,200,0,"[1003,50]",0,"[42000,10]",[],
4,3,110,500,0,"[1001,3]",0,"[11001,2]",[],
5,4,110,500,0,"[42000,3]",0,"[1003,100]",[],
6,5,110,500,0,"[11001,1]",0,"[15000,10]",[],
7,6,110,500,0,"[1002,1000]",0,"[1001,5]",[],
8,7,110,500,0,"[15000,3]",0,"[34011,20]",[],
9,8,110,500,0,"[1001,5]",0,"[11001,2]",[],
10,9,110,500,0,"[1003,60]",0,"[15000,20]",[],
11,10,110,500,0,"[11001,1]",0,"[34011,40]",[],
12,11,110,1000,0,"[1002,1500]",0,"[1002,3000]",[],
13,12,110,1000,0,"[15000,5]",0,"[42000,20]",[],
14,13,110,1000,0,"[1003,80]",2,"[144101,1]",[],
15,14,110,1000,0,"[42000,5]",0,"[11001,2]",[],
16,15,110,-1,0,"[1003,300]",0,"[1001,20]",[],
17,0,111,500,0,"[1003,30]",1,[1],[],
18,1,111,300,0,"[1002,500]",0,"[1001,3]",[],
19,2,111,200,0,"[1003,50]",0,"[42000,10]",[],
20,3,111,500,0,"[1001,3]",0,"[11001,2]",[],
21,4,111,500,0,"[42000,3]",0,"[1003,100]",[],
22,5,111,500,0,"[11001,1]",0,"[15000,10]",[],
23,6,111,500,0,"[1002,1000]",0,"[83003,20]",[],
24,7,111,500,0,"[15000,3]",0,"[34012,20]",[],
25,8,111,500,0,"[1001,5]",0,"[11001,2]",[],
26,9,111,500,0,"[1003,60]",0,"[15000,20]",[],
27,10,111,500,0,"[11001,1]",0,"[34012,40]",[],
28,11,111,1000,0,"[1002,1500]",0,"[1002,3000]",[],
29,12,111,1000,0,"[15000,5]",0,"[42000,20]",[],
30,13,111,1000,0,"[1003,80]",2,"[303001,1]",[],
31,14,111,1000,0,"[42000,5]",0,"[11001,2]",[],
32,15,111,-1,0,"[1003,300]",0,"[1001,20]",[],
33,0,112,500,0,"[1003,30]",1,[1],[],
34,1,112,300,0,"[1002,500]",0,"[1001,3]",[],
35,2,112,200,0,"[1003,50]",0,"[42000,10]",[],
36,3,112,500,0,"[1001,3]",0,"[11001,2]",[],
37,4,112,500,0,"[42000,3]",0,"[1003,100]",[],
38,5,112,500,0,"[11001,1]",0,"[15000,10]",[],
39,6,112,500,0,"[1002,1000]",0,"[83002,20]",[],
40,7,112,500,0,"[15000,3]",0,"[34013,20]",[],
41,8,112,500,0,"[1001,5]",0,"[11001,2]",[],
42,9,112,500,0,"[1003,60]",0,"[15000,20]",[],
43,10,112,500,0,"[11001,1]",0,"[34013,40]",[],
44,11,112,1000,0,"[1002,1500]",0,"[1002,3000]",[],
45,12,112,1000,0,"[15000,5]",0,"[42000,20]",[],
46,13,112,1000,0,"[1003,80]",2,"[302001,1]",[],
47,14,112,1000,0,"[42000,5]",0,"[11001,2]",[],
48,15,112,-1,0,"[1003,300]",0,"[1001,20]",[],
65,0,114,500,0,"[1003,30]",1,[1],[],
66,1,114,300,0,"[1002,500]",0,"[1001,3]",[],
67,2,114,200,0,"[1003,50]",0,"[42000,10]",[],
68,3,114,500,0,"[1001,3]",0,"[11001,2]",[],
69,4,114,500,0,"[42000,3]",0,"[1003,100]",[],
70,5,114,500,0,"[11001,1]",0,"[15000,10]",[],
71,6,114,500,0,"[1002,1000]",0,"[83007,20]",[],
72,7,114,500,0,"[15000,3]",0,"[34015,20]",[],
73,8,114,500,0,"[1001,5]",0,"[11001,2]",[],
74,9,114,500,0,"[1003,60]",0,"[15000,20]",[],
75,10,114,500,0,"[11001,1]",0,"[34015,40]",[],
76,11,114,1000,0,"[1002,1500]",0,"[1002,3000]",[],
77,12,114,1000,0,"[15000,5]",0,"[42000,20]",[],
78,13,114,1000,0,"[1003,80]",2,"[307001,1]",[],
79,14,114,1000,0,"[42000,5]",0,"[11001,2]",[],
80,15,114,-1,0,"[1003,300]",0,"[1001,20]",[],
81,0,115,500,0,"[1003,30]",1,[1],[],
82,1,115,300,0,"[1002,500]",0,"[1001,3]",[],
83,2,115,200,0,"[1003,50]",0,"[42000,10]",[],
84,3,115,500,0,"[1001,3]",0,"[11001,2]",[],
85,4,115,500,0,"[42000,3]",0,"[1003,100]",[],
86,5,115,500,0,"[11001,1]",0,"[90021,3]",[],
87,6,115,500,0,"[1002,1000]",0,"[83006,20]",[],
88,7,115,500,0,"[15000,3]",0,"[34016,20]",[],
89,8,115,500,0,"[1001,5]",0,"[11001,2]",[],
90,9,115,500,0,"[1003,60]",0,"[90021,6]",[],
91,10,115,500,0,"[11001,1]",0,"[34016,40]",[],
92,11,115,1000,0,"[1002,1500]",0,"[90021,10]",[],
93,12,115,1000,0,"[15000,5]",0,"[42000,20]",[],
94,13,115,1000,0,"[1003,80]",2,"[306001,1]",[],
95,14,115,1000,0,"[42000,5]",0,"[11001,2]",[],
96,15,115,-1,0,"[1003,300]",0,"[1001,20]",[],
97,0,116,200,0,"[1003,10]",2,"[309001,1]",[],
98,1,116,200,0,"[1003,10]",1,[1],[],
99,2,116,300,0,"[1003,10]",0,"[1003,50]",[],
100,3,116,300,0,"[1003,10]",0,"[1003,50]",[],
101,4,116,400,0,"[1003,10]",0,"[1003,50]",[],
102,5,116,400,0,"[1003,15]",0,"[1003,80]",[],
103,6,116,500,0,"[1003,15]",0,"[1003,80]",[],
104,7,116,500,0,"[1003,15]",0,"[1003,80]",[],
105,8,116,500,0,"[1003,20]",0,"[1003,100]",[],
106,9,116,600,0,"[1003,20]",0,"[1003,100]",[],
107,10,116,600,0,"[1003,20]",0,"[1003,100]",[],
108,11,116,800,0,"[1003,30]",0,"[1003,200]",[],
109,12,116,800,0,"[1003,30]",0,"[1003,200]",[],
110,13,116,1000,0,"[1003,30]",0,"[1003,200]",[],
111,14,116,1000,0,"[1003,60]",0,"[11001,4]",[],
112,15,116,-1,0,"[1003,100]",0,"[1003,800]",[],
129,0,119,500,0,"[1003,30]",1,[1],[],
130,1,119,300,0,"[1002,500]",0,"[1001,3]",[],
131,2,119,200,0,"[1003,50]",0,"[42000,10]",[],
132,3,119,500,0,"[1001,3]",0,"[11001,2]",[],
133,4,119,500,0,"[42000,3]",0,"[1003,100]",[],
134,5,119,500,0,"[11001,1]",0,"[15000,10]",[],
135,6,119,500,0,"[1002,1000]",0,"[83012,20]",[],
136,7,119,500,0,"[15000,3]",0,"[34019,20]",[],
137,8,119,500,0,"[1001,5]",0,"[11001,2]",[],
138,9,119,500,0,"[1003,60]",0,"[15000,20]",[],
139,10,119,500,0,"[11001,1]",0,"[34019,40]",[],
140,11,119,1000,0,"[1002,1500]",0,"[1002,3000]",[],
141,12,119,1000,0,"[15000,5]",0,"[42000,20]",[],
142,13,119,1000,0,"[1003,80]",2,"[312001,1]",[],
143,14,119,1000,0,"[42000,5]",0,"[11001,2]",[],
144,15,119,-1,0,"[1003,300]",0,"[1001,20]",[],
161,0,105,500,0,"[1003,30]",1,[1],[],
162,1,105,300,0,"[1002,500]",0,"[1001,3]",[],
163,2,105,200,0,"[1003,50]",0,"[42000,10]",[],
164,3,105,500,0,"[1001,3]",0,"[11001,2]",[],
165,4,105,500,0,"[42000,3]",0,"[1003,100]",[],
166,5,105,500,0,"[11001,1]",0,"[15000,10]",[],
167,6,105,500,0,"[1002,1000]",0,"[83013,20]",[],
168,7,105,500,0,"[15000,3]",0,"[34005,20]",[],
169,8,105,500,0,"[1001,5]",0,"[11001,2]",[],
170,9,105,500,0,"[1003,60]",0,"[15000,20]",[],
171,10,105,500,0,"[11001,1]",0,"[34005,40]",[],
172,11,105,1000,0,"[1002,1500]",0,"[1002,3000]",[],
173,12,105,1000,0,"[15000,5]",0,"[42000,20]",[],
174,13,105,1000,0,"[1003,80]",2,"[313001,1]",[],
175,14,105,1000,0,"[42000,5]",0,"[11001,2]",[],
176,15,105,-1,0,"[1003,300]",0,"[1001,20]",[],
145,0,121,500,0,"[1003,30]",1,[1],[],
146,1,121,300,0,"[1001,5]",0,"[1001,15]",[],
147,2,121,200,0,"[1003,50]",0,"[42000,10]",[],
148,3,121,500,0,"[1001,10]",0,"[11001,2]",[],
149,4,121,500,0,"[42000,3]",0,"[1003,100]",[],
150,5,121,500,0,"[11001,1]",0,"[1001,20]",[],
151,6,121,500,0,"[1001,15]",0,"[83014,20]",[],
152,7,121,500,0,"[1001,15]",0,"[34021,20]",[],
153,8,121,500,0,"[1001,15]",0,"[11001,2]",[],
154,9,121,500,0,"[1003,60]",0,"[1001,50]",[],
155,10,121,500,0,"[11001,1]",0,"[34021,40]",[],
156,11,121,1000,0,"[1001,15]",0,"[1001,65]",[],
157,12,121,1000,0,"[1001,30]",0,"[42000,20]",[],
158,13,121,1000,0,"[1003,80]",2,"[314001,1]",[],
159,14,121,1000,0,"[42000,5]",0,"[11001,2]",[],
160,15,121,-1,0,"[1003,300]",0,"[1001,150]",[],
177,0,108,500,0,"[1003,30]",1,[1],[],
178,1,108,300,0,"[1001,5]",0,"[1001,15]",[],
179,2,108,200,0,"[1003,50]",0,"[42000,10]",[],
180,3,108,500,0,"[1001,10]",0,"[11001,2]",[],
181,4,108,500,0,"[42000,3]",0,"[1003,100]",[],
182,5,108,500,0,"[11001,1]",0,"[1001,20]",[],
183,6,108,500,0,"[1001,15]",0,"[83015,20]",[],
184,7,108,500,0,"[1001,15]",0,"[34006,20]",[],
185,8,108,500,0,"[1001,15]",0,"[11001,2]",[],
186,9,108,500,0,"[1003,60]",0,"[1001,50]",[],
187,10,108,500,0,"[11001,1]",0,"[34006,40]",[],
188,11,108,1000,0,"[1001,15]",0,"[1001,65]",[],
189,12,108,1000,0,"[1001,30]",0,"[42000,20]",[],
190,13,108,1000,0,"[1003,80]",2,"[315001,1]",[],
191,14,108,1000,0,"[42000,5]",0,"[11001,2]",[],
192,15,108,-1,0,"[1003,300]",0,"[1001,150]",[],
193,0,124,200,0,"[1003,10]",2,"[316001,1]",[],
194,1,124,200,0,"[1003,10]",1,[1],[],
195,2,124,300,0,"[1003,10]",0,"[1003,50]",[],
196,3,124,300,0,"[1003,10]",0,"[1003,50]",[],
197,4,124,400,0,"[1003,10]",0,"[1003,50]",[],
198,5,124,400,0,"[1003,15]",0,"[1003,80]",[],
199,6,124,500,0,"[1003,15]",0,"[1003,80]",[],
200,7,124,500,0,"[1003,15]",0,"[1003,80]",[],
201,8,124,500,0,"[1003,20]",0,"[1003,100]",[],
202,9,124,600,0,"[1003,20]",0,"[1003,100]",[],
203,10,124,600,0,"[1003,20]",0,"[1003,100]",[],
204,11,124,800,0,"[1003,30]",0,"[1003,200]",[],
205,12,124,800,0,"[1003,30]",0,"[1003,200]",[],
206,13,124,1000,0,"[1003,30]",0,"[1003,200]",[],
207,14,124,1000,0,"[1003,60]",0,"[11001,4]",[],
208,15,124,-1,0,"[1003,100]",0,"[1003,800]",[],
209,0,117,450,0,"[1003,30]",1,[1],[],
210,1,117,550,0,"[1001,5]",0,"[1001,15]",[],
211,2,117,750,0,"[1003,50]",0,"[42000,10]",[],
212,3,117,750,0,"[1001,10]",0,"[11001,2]",[],
213,4,117,750,0,"[42000,3]",0,"[1003,100]",[],
214,5,117,750,0,"[11001,1]",0,"[1001,20]",[],
215,6,117,750,0,"[1001,15]",0,"[83010,5]",[],
216,7,117,750,0,"[1001,15]",0,"[34027,30]",[],
217,8,117,750,0,"[1001,15]",0,"[11001,3]",[],
218,9,117,750,0,"[1003,60]",0,"[1001,50]",[],
219,10,117,750,0,"[11001,1]",0,"[83010,5]",[],
220,11,117,1250,0,"[1001,15]",0,"[1001,65]",[],
221,12,117,1250,0,"[1001,20]",0,"[42000,20]",[],
222,13,117,1250,0,"[1003,60]",0,"[83010,10]",[],
223,14,117,1250,0,"[42000,5]",0,"[11001,4]",[],
224,15,117,-1,0,"[1003,300]",0,"[1001,150]",[],
225,0,122,200,0,"[1003,10]",2,"[318001,1]",[],
226,1,122,200,0,"[1003,10]",1,[1],[],
227,2,122,300,0,"[1003,10]",0,"[1003,50]",[],
228,3,122,300,0,"[1003,10]",0,"[1003,50]",[],
229,4,122,400,0,"[1003,10]",0,"[1003,50]",[],
230,5,122,400,0,"[1003,15]",0,"[1003,80]",[],
231,6,122,500,0,"[1003,15]",0,"[1003,80]",[],
232,7,122,500,0,"[1003,15]",0,"[1003,80]",[],
233,8,122,500,0,"[1003,20]",0,"[1003,100]",[],
234,9,122,600,0,"[1003,20]",0,"[1003,100]",[],
235,10,122,600,0,"[1003,20]",0,"[1003,100]",[],
236,11,122,800,0,"[1003,30]",0,"[1003,200]",[],
237,12,122,800,0,"[1003,30]",0,"[1003,200]",[],
238,13,122,1000,0,"[1003,30]",0,"[1003,200]",[],
239,14,122,1000,0,"[1003,60]",0,"[11001,4]",[],
240,15,122,-1,0,"[1003,100]",0,"[1003,800]",[],
241,0,123,200,0,"[1003,10]",2,"[317001,1]",[],
242,1,123,200,0,"[1003,10]",1,[1],[],
243,2,123,300,0,"[1003,10]",0,"[1003,50]",[],
244,3,123,300,0,"[1003,10]",0,"[1003,50]",[],
245,4,123,400,0,"[1003,10]",0,"[1003,50]",[],
246,5,123,400,0,"[1003,15]",0,"[1003,80]",[],
247,6,123,500,0,"[1003,15]",0,"[1003,80]",[],
248,7,123,500,0,"[1003,15]",0,"[1003,80]",[],
249,8,123,500,0,"[1003,20]",0,"[1003,100]",[],
250,9,123,600,0,"[1003,20]",0,"[1003,100]",[],
251,10,123,600,0,"[1003,20]",0,"[1003,100]",[],
252,11,123,800,0,"[1003,30]",0,"[1003,200]",[],
253,12,123,800,0,"[1003,30]",0,"[1003,200]",[],
254,13,123,1000,0,"[1003,30]",0,"[1003,200]",[],
255,14,123,1000,0,"[1003,60]",0,"[11001,4]",[],
256,15,123,-1,0,"[1003,100]",0,"[1003,800]",[],
257,0,126,500,0,"[1003,10]",2,"[320001,1]",[],
258,1,126,300,0,"[1003,10]",1,[1],[],
259,2,126,200,0,"[1003,10]",0,"[1003,50]",[],
260,3,126,500,0,"[1003,10]",0,"[1003,50]",[],
261,4,126,500,0,"[1003,10]",0,"[1003,50]",[],
262,5,126,500,0,"[1003,15]",0,"[1003,80]",[],
263,6,126,500,0,"[1003,15]",0,"[1003,80]",[],
264,7,126,500,0,"[1003,15]",0,"[1003,80]",[],
265,8,126,500,0,"[1003,20]",0,"[1003,100]",[],
266,9,126,500,0,"[1003,20]",0,"[1003,100]",[],
267,10,126,500,0,"[1003,20]",0,"[1003,100]",[],
268,11,126,1000,0,"[1003,30]",0,"[1003,200]",[],
269,12,126,1000,0,"[1003,30]",0,"[1003,200]",[],
270,13,126,1000,0,"[1003,30]",0,"[1003,200]",[],
271,14,126,1000,0,"[1003,60]",0,"[11001,4]",[],
272,15,126,-1,0,"[1003,100]",0,"[1003,800]",[],
273,0,125,750,0,"[1003,10]",2,"[321001,1]",[],
274,1,125,550,0,"[1003,10]",1,[1],[],
275,2,125,450,0,"[1003,10]",0,"[1003,50]",[],
276,3,125,750,0,"[1003,10]",0,"[1003,50]",[],
277,4,125,750,0,"[1003,10]",0,"[1003,50]",[],
278,5,125,750,0,"[1003,15]",0,"[1003,80]",[],
279,6,125,750,0,"[1003,15]",0,"[1003,80]",[],
280,7,125,750,0,"[1003,15]",0,"[1003,80]",[],
281,8,125,750,0,"[1003,20]",0,"[1003,100]",[],
282,9,125,750,0,"[1003,20]",0,"[1003,100]",[],
283,10,125,750,0,"[1003,20]",0,"[1003,100]",[],
284,11,125,1250,0,"[1003,30]",0,"[1003,200]",[],
285,12,125,1250,0,"[1003,30]",0,"[1003,200]",[],
286,13,125,1250,0,"[1003,30]",0,"[1003,200]",[],
287,14,125,1250,0,"[1003,60]",0,"[11001,4]",[],
288,15,125,-1,0,"[1003,100]",0,"[1003,800]",[],
289,0,127,500,0,"[1003,10]",2,"[324001,1]",[],
290,1,127,300,0,"[1003,10]",1,[1],[],
291,2,127,200,0,"[1003,10]",0,"[1003,50]",[],
292,3,127,500,0,"[1003,10]",0,"[1003,50]",[],
293,4,127,500,0,"[1003,10]",0,"[1003,50]",[],
294,5,127,500,0,"[1003,15]",0,"[1003,80]",[],
295,6,127,500,0,"[1003,15]",0,"[1003,80]",[],
296,7,127,500,0,"[1003,15]",0,"[1003,80]",[],
297,8,127,500,0,"[1003,20]",0,"[1003,100]",[],
298,9,127,500,0,"[1003,20]",0,"[1003,100]",[],
299,10,127,500,0,"[1003,20]",0,"[1003,100]",[],
300,11,127,1000,0,"[1003,30]",0,"[1003,200]",[],
301,12,127,1000,0,"[1003,30]",0,"[1003,200]",[],
302,13,127,1000,0,"[1003,30]",0,"[1003,200]",[],
303,14,127,1000,0,"[1003,60]",0,"[11001,4]",[],
304,15,127,-1,0,"[1003,100]",0,"[1003,800]",[],
305,0,133,200,0,"[1003,10]",2,"[319001,1]",[],
306,1,133,200,0,"[1003,10]",1,[1],[],
307,2,133,300,0,"[1003,10]",0,"[1003,50]",[],
308,3,133,300,0,"[1003,10]",0,"[1003,50]",[],
309,4,133,400,0,"[1003,10]",0,"[1003,50]",[],
310,5,133,400,0,"[1003,15]",0,"[1003,80]",[],
311,6,133,500,0,"[1003,15]",0,"[1003,80]",[],
312,7,133,500,0,"[1003,15]",0,"[1003,80]",[],
313,8,133,500,0,"[1003,20]",0,"[1003,100]",[],
314,9,133,600,0,"[1003,20]",0,"[1003,100]",[],
315,10,133,600,0,"[1003,20]",0,"[1003,100]",[],
316,11,133,800,0,"[1003,30]",0,"[1003,200]",[],
317,12,133,800,0,"[1003,30]",0,"[1003,200]",[],
318,13,133,1000,0,"[1003,30]",0,"[1003,200]",[],
319,14,133,1000,0,"[1003,60]",0,"[11001,4]",[],
320,15,133,-1,0,"[1003,100]",0,"[1003,800]",[],
321,0,120,750,0,"[1003,30]",1,[1],[],
322,1,120,550,0,"[1001,5]",0,"[1001,15]",[],
323,2,120,450,0,"[1003,50]",0,"[42000,10]",[],
324,3,120,750,0,"[1001,10]",0,"[11001,2]",[],
325,4,120,750,0,"[42000,3]",0,"[1003,100]",[],
326,5,120,750,0,"[11001,1]",0,"[1001,20]",[],
327,6,120,750,0,"[1001,15]",0,"[83011,5]",[],
328,7,120,750,0,"[1001,15]",0,"[34020,20]",[],
329,8,120,750,0,"[1001,15]",0,"[11001,2]",[],
330,9,120,750,0,"[1003,60]",0,"[1001,50]",[],
331,10,120,750,0,"[11001,1]",0,"[83011,5]",[],
332,11,120,1250,0,"[1001,15]",0,"[1001,80]",[],
333,12,120,1250,0,"[1001,30]",0,"[42000,20]",[],
334,13,120,1250,0,"[1003,80]",0,"[83011,10]",[],
335,14,120,1250,0,"[42000,5]",0,"[11001,2]",[],
336,15,120,-1,0,"[1003,300]",0,"[1001,150]",[],
337,0,132,200,0,"[1003,10]",2,"[323001,1]",[],
338,1,132,200,0,"[1003,10]",1,[1],[],
339,2,132,300,0,"[1003,10]",0,"[1003,50]",[],
340,3,132,300,0,"[1003,10]",0,"[1003,50]",[],
341,4,132,400,0,"[1003,10]",0,"[1003,50]",[],
342,5,132,400,0,"[1003,15]",0,"[1003,80]",[],
343,6,132,500,0,"[1003,15]",0,"[1003,80]",[],
344,7,132,500,0,"[1003,15]",0,"[1003,80]",[],
345,8,132,500,0,"[1003,20]",0,"[1003,100]",[],
346,9,132,600,0,"[1003,20]",0,"[1003,100]",[],
347,10,132,600,0,"[1003,20]",0,"[1003,100]",[],
348,11,132,800,0,"[1003,30]",0,"[1003,200]",[],
349,12,132,800,0,"[1003,30]",0,"[1003,200]",[],
350,13,132,1000,0,"[1003,30]",0,"[1003,200]",[],
351,14,132,1000,0,"[1003,60]",0,"[11001,4]",[],
352,15,132,-1,0,"[1003,100]",0,"[1003,800]",[],
353,0,130,200,0,"[1003,10]",2,"[327001,1]",[],
354,1,130,200,0,"[1003,10]",1,[1],[],
355,2,130,300,0,"[1003,10]",0,"[1003,50]",[],
356,3,130,300,0,"[1003,10]",0,"[1003,50]",[],
357,4,130,400,0,"[1003,10]",0,"[1003,50]",[],
358,5,130,400,0,"[1003,15]",0,"[1003,80]",[],
359,6,130,500,0,"[1003,15]",0,"[1003,80]",[],
360,7,130,500,0,"[1003,15]",0,"[1003,80]",[],
361,8,130,500,0,"[1003,20]",0,"[1003,100]",[],
362,9,130,600,0,"[1003,20]",0,"[1003,100]",[],
363,10,130,600,0,"[1003,20]",0,"[1003,100]",[],
364,11,130,800,0,"[1003,30]",0,"[1003,200]",[],
365,12,130,800,0,"[1003,30]",0,"[1003,200]",[],
366,13,130,1000,0,"[1003,30]",0,"[1003,200]",[],
367,14,130,1000,0,"[1003,60]",0,"[11001,4]",[],
368,15,130,-1,0,"[1003,100]",0,"[1003,800]",[],
385,0,129,200,0,"[1003,10]",2,"[325001,1]",[],
386,1,129,200,0,"[1003,10]",1,[1],[],
387,2,129,300,0,"[1003,10]",0,"[1003,50]",[],
388,3,129,300,0,"[1003,10]",0,"[1003,50]",[],
389,4,129,400,0,"[1003,10]",0,"[1003,50]",[],
390,5,129,400,0,"[1003,15]",0,"[1003,80]",[],
391,6,129,500,0,"[1003,15]",0,"[1003,80]",[],
392,7,129,500,0,"[1003,15]",0,"[1003,80]",[],
393,8,129,500,0,"[1003,20]",0,"[1003,100]",[],
394,9,129,600,0,"[1003,20]",0,"[1003,100]",[],
395,10,129,600,0,"[1003,20]",0,"[1003,100]",[],
396,11,129,800,0,"[1003,30]",0,"[1003,200]",[],
397,12,129,800,0,"[1003,30]",0,"[1003,200]",[],
398,13,129,1000,0,"[1003,30]",0,"[1003,200]",[],
399,14,129,1000,0,"[1003,60]",0,"[11001,4]",[],
400,15,129,-1,0,"[1003,100]",0,"[1003,800]",[],
401,0,128,200,0,"[1003,10]",2,"[328001,1]",[],
402,1,128,200,0,"[1003,10]",1,[1],[],
403,2,128,300,0,"[1003,10]",0,"[1003,50]",[],
404,3,128,300,0,"[1003,10]",0,"[1003,50]",[],
405,4,128,400,0,"[1003,10]",0,"[1003,50]",[],
406,5,128,400,0,"[1003,15]",0,"[1003,80]",[],
407,6,128,500,0,"[1003,15]",0,"[1003,80]",[],
408,7,128,500,0,"[1003,15]",0,"[1003,80]",[],
409,8,128,500,0,"[1003,20]",0,"[1003,100]",[],
410,9,128,600,0,"[1003,20]",0,"[1003,100]",[],
411,10,128,600,0,"[1003,20]",0,"[1003,100]",[],
412,11,128,800,0,"[1003,30]",0,"[1003,200]",[],
413,12,128,800,0,"[1003,30]",0,"[1003,200]",[],
414,13,128,1000,0,"[1003,30]",0,"[1003,200]",[],
415,14,128,1000,0,"[1003,60]",0,"[11001,4]",[],
416,15,128,-1,0,"[1003,100]",0,"[1003,800]",[],
417,0,135,200,0,"[1003,10]",2,"[322001,1]",[],
418,1,135,200,0,"[1003,10]",1,[1],[],
419,2,135,300,0,"[1003,10]",0,"[1003,50]",[],
420,3,135,300,0,"[1003,10]",0,"[1003,50]",[],
421,4,135,400,0,"[1003,10]",0,"[1003,50]",[],
422,5,135,400,0,"[1003,15]",0,"[1003,80]",[],
423,6,135,500,0,"[1003,15]",0,"[1003,80]",[],
424,7,135,500,0,"[1003,15]",0,"[1003,80]",[],
425,8,135,500,0,"[1003,20]",0,"[1003,100]",[],
426,9,135,600,0,"[1003,20]",0,"[1003,100]",[],
427,10,135,600,0,"[1003,20]",0,"[1003,100]",[],
428,11,135,800,0,"[1003,30]",0,"[1003,200]",[],
429,12,135,800,0,"[1003,30]",0,"[1003,200]",[],
430,13,135,1000,0,"[1003,30]",0,"[1003,200]",[],
431,14,135,1000,0,"[1003,60]",0,"[11001,4]",[],
432,15,135,-1,0,"[1003,100]",0,"[1003,800]",[],
433,0,136,200,0,"[1003,10]",2,"[326001,1]",[],
434,1,136,200,0,"[1003,10]",1,[1],[],
435,2,136,300,0,"[1003,10]",0,"[1003,50]",[],
436,3,136,300,0,"[1003,10]",0,"[1003,50]",[],
437,4,136,400,0,"[1003,10]",0,"[1003,50]",[],
438,5,136,400,0,"[1003,15]",0,"[1003,80]",[],
439,6,136,500,0,"[1003,15]",0,"[1003,80]",[],
440,7,136,500,0,"[1003,15]",0,"[1003,80]",[],
441,8,136,500,0,"[1003,20]",0,"[1003,100]",[],
442,9,136,600,0,"[1003,20]",0,"[1003,100]",[],
443,10,136,600,0,"[1003,20]",0,"[1003,100]",[],
444,11,136,800,0,"[1003,30]",0,"[1003,200]",[],
445,12,136,800,0,"[1003,30]",0,"[1003,200]",[],
446,13,136,1000,0,"[1003,30]",0,"[1003,200]",[],
447,14,136,1000,0,"[1003,60]",0,"[11001,4]",[],
448,15,136,-1,0,"[1003,100]",0,"[1003,800]",[],
449,0,137,200,0,"[1003,10]",2,"[330001,1]",[],
450,1,137,200,0,"[1003,10]",1,[1],[],
451,2,137,300,0,"[1003,10]",0,"[1003,50]",[],
452,3,137,300,0,"[1003,10]",0,"[1003,50]",[],
453,4,137,400,0,"[1003,10]",0,"[1003,50]",[],
454,5,137,400,0,"[1003,15]",0,"[1003,80]",[],
455,6,137,500,0,"[1003,15]",0,"[1003,80]",[],
456,7,137,500,0,"[1003,15]",0,"[1003,80]",[],
457,8,137,500,0,"[1003,20]",0,"[1003,100]",[],
458,9,137,600,0,"[1003,20]",0,"[1003,100]",[],
459,10,137,600,0,"[1003,20]",0,"[1003,100]",[],
460,11,137,800,0,"[1003,30]",0,"[1003,200]",[],
461,12,137,800,0,"[1003,30]",0,"[1003,200]",[],
462,13,137,1000,0,"[1003,30]",0,"[1003,200]",[],
463,14,137,1000,0,"[1003,60]",0,"[11001,4]",[],
464,15,137,-1,0,"[1003,100]",0,"[1003,800]",[],
465,0,138,200,0,"[1003,10]",2,"[329001,1]",[],
466,1,138,200,0,"[1003,10]",1,[1],[],
467,2,138,300,0,"[1003,10]",0,"[1003,50]",[],
468,3,138,300,0,"[1003,10]",0,"[1003,50]",[],
469,4,138,400,0,"[1003,10]",0,"[1003,50]",[],
470,5,138,400,0,"[1003,15]",0,"[1003,80]",[],
471,6,138,500,0,"[1003,15]",0,"[1003,80]",[],
472,7,138,500,0,"[1003,15]",0,"[1003,80]",[],
473,8,138,500,0,"[1003,20]",0,"[1003,100]",[],
474,9,138,600,0,"[1003,20]",0,"[1003,100]",[],
475,10,138,600,0,"[1003,20]",0,"[1003,100]",[],
476,11,138,800,0,"[1003,30]",0,"[1003,200]",[],
477,12,138,800,0,"[1003,30]",0,"[1003,200]",[],
478,13,138,1000,0,"[1003,30]",0,"[1003,200]",[],
479,14,138,1000,0,"[1003,60]",0,"[11001,4]",[],
480,15,138,-1,0,"[1003,100]",0,"[1003,800]",[],
481,0,139,200,0,"[1003,10]",2,"[331001,1]",[],
482,1,139,200,0,"[1003,10]",1,[1],[],
483,2,139,300,0,"[1003,10]",0,"[1003,50]",[],
484,3,139,300,0,"[1003,10]",0,"[1003,50]",[],
485,4,139,400,0,"[1003,10]",0,"[1003,50]",[],
486,5,139,400,0,"[1003,15]",0,"[1003,80]",[],
487,6,139,500,0,"[1003,15]",0,"[1003,80]",[],
488,7,139,500,0,"[1003,15]",0,"[1003,80]",[],
489,8,139,500,0,"[1003,20]",0,"[1003,100]",[],
490,9,139,600,0,"[1003,20]",0,"[1003,100]",[],
491,10,139,600,0,"[1003,20]",0,"[1003,100]",[],
492,11,139,800,0,"[1003,30]",0,"[1003,200]",[],
493,12,139,800,0,"[1003,30]",0,"[1003,200]",[],
494,13,139,1000,0,"[1003,30]",0,"[1003,200]",[],
495,14,139,1000,0,"[1003,60]",0,"[11001,4]",[],
496,15,139,-1,0,"[1003,100]",0,"[1003,800]",[],
501,0,2,100,0,"[1003,10]",0,"[1003,100]",[],
502,1,2,100,0,"[1003,10]",0,"[1003,30]",[],
503,2,2,100,0,"[1003,10]",0,"[1003,30]",[],
504,3,2,150,0,"[1003,10]",0,"[1003,30]",[],
505,4,2,200,0,"[1003,10]",0,"[1003,30]",[],
506,5,2,200,0,"[1003,10]",0,"[1003,50]",[],
507,6,2,250,0,"[1003,10]",0,"[1003,50]",[],
508,7,2,250,0,"[1003,15]",0,"[1003,80]",[],
509,8,2,250,0,"[1003,15]",0,"[1003,80]",[],
510,9,2,300,0,"[1003,15]",0,"[1003,80]",[],
511,10,2,300,0,"[1003,15]",0,"[1003,80]",[],
512,11,2,400,0,"[1003,20]",0,"[1003,100]",[],
513,12,2,400,0,"[1003,20]",0,"[1003,100]",[],
514,13,2,500,0,"[1003,20]",0,"[1003,100]",[],
515,14,2,500,0,"[1003,30]",0,"[11001,2]",[],
516,15,2,-1,0,"[1003,50]",0,"[1003,300]",[],
520,0,140,200,0,"[1003,10]",2,"[332001,1]",[],
521,1,140,200,0,"[1003,10]",1,[1],[],
522,2,140,300,0,"[1003,10]",0,"[1003,50]",[],
523,3,140,300,0,"[1003,10]",0,"[1003,50]",[],
524,4,140,400,0,"[1003,10]",0,"[1003,50]",[],
525,5,140,400,0,"[1003,15]",0,"[1003,80]",[],
526,6,140,500,0,"[1003,15]",0,"[1003,80]",[],
527,7,140,500,0,"[1003,15]",0,"[1003,80]",[],
528,8,140,500,0,"[1003,20]",0,"[1003,100]",[],
529,9,140,600,0,"[1003,20]",0,"[1003,100]",[],
530,10,140,600,0,"[1003,20]",0,"[1003,100]",[],
531,11,140,800,0,"[1003,30]",0,"[1003,200]",[],
532,12,140,800,0,"[1003,30]",0,"[1003,200]",[],
533,13,140,1000,0,"[1003,30]",0,"[1003,200]",[],
534,14,140,1000,0,"[1003,60]",0,"[11001,4]",[],
535,15,140,-1,0,"[1003,100]",0,"[1003,800]",[],
540,0,139,200,0,"[1003,10]",2,"[331001,1]","[4,5,6,7]",
541,1,139,200,0,"[1003,10]",1,[1],"[4,5,6,7]",
542,2,139,300,0,"[1003,10]",0,"[1003,50]","[4,5,6,7]",
543,3,139,300,0,"[1003,10]",0,"[1003,50]","[4,5,6,7]",
544,4,139,400,0,"[1003,10]",0,"[1003,50]","[4,5,6,7]",
545,5,139,400,0,"[1003,15]",0,"[1003,80]","[4,5,6,7]",
546,6,139,500,0,"[1003,15]",0,"[1003,80]","[4,5,6,7]",
547,7,139,500,0,"[1003,15]",0,"[1003,80]","[4,5,6,7]",
548,8,139,500,0,"[1003,20]",0,"[1003,100]","[4,5,6,7]",
549,9,139,600,0,"[1003,20]",0,"[1003,100]","[4,5,6,7]",
550,10,139,600,0,"[1003,20]",0,"[1003,100]","[4,5,6,7]",
551,11,139,800,0,"[1003,30]",0,"[1003,200]","[4,5,6,7]",
552,12,139,800,0,"[1003,30]",0,"[1003,200]","[4,5,6,7]",
553,13,139,1000,0,"[1003,30]",0,"[1003,200]","[4,5,6,7]",
554,14,139,1000,0,"[1003,60]",0,"[11001,4]","[4,5,6,7]",
555,15,139,-1,0,"[1003,100]",0,"[1003,800]","[4,5,6,7]",
560,0,139,100,0,"[1003,10]",0,"[1003,30]","[1,2,3]",
561,1,139,100,0,"[1003,10]",1,[1],"[1,2,3]",
562,2,139,100,0,"[1003,10]",0,"[1003,30]","[1,2,3]",
563,3,139,200,0,"[1003,10]",0,"[1003,30]","[1,2,3]",
564,4,139,200,0,"[1003,10]",0,"[1003,30]","[1,2,3]",
565,5,139,200,0,"[1003,15]",0,"[1003,40]","[1,2,3]",
566,6,139,300,0,"[1003,15]",0,"[1003,40]","[1,2,3]",
567,7,139,300,0,"[1003,15]",0,"[1003,40]","[1,2,3]",
568,8,139,300,0,"[1003,20]",0,"[1003,50]","[1,2,3]",
569,9,139,500,0,"[1003,20]",0,"[1003,50]","[1,2,3]",
570,10,139,500,0,"[1003,20]",0,"[1003,50]","[1,2,3]",
571,11,139,500,0,"[1003,30]",0,"[1003,100]","[1,2,3]",
572,12,139,500,0,"[1003,30]",0,"[1003,100]","[1,2,3]",
573,13,139,600,0,"[1003,30]",0,"[1003,100]","[1,2,3]",
574,14,139,600,0,"[1003,60]",0,"[11001,2]","[1,2,3]",
575,15,139,-1,0,"[1003,100]",0,"[1003,500]","[1,2,3]",
576,0,141,200,0,"[1003,10]",2,"[333001,1]",[],
577,1,141,200,0,"[1003,10]",1,[1],[],
578,2,141,300,0,"[1003,10]",0,"[1003,50]",[],
579,3,141,300,0,"[1003,10]",0,"[1003,50]",[],
580,4,141,400,0,"[1003,10]",0,"[1003,50]",[],
581,5,141,400,0,"[1003,15]",0,"[1003,80]",[],
582,6,141,500,0,"[1003,15]",0,"[1003,80]",[],
583,7,141,500,0,"[1003,15]",0,"[1003,80]",[],
584,8,141,500,0,"[1003,20]",0,"[1003,100]",[],
585,9,141,600,0,"[1003,20]",0,"[1003,100]",[],
586,10,141,600,0,"[1003,20]",0,"[1003,100]",[],
587,11,141,800,0,"[1003,30]",0,"[1003,200]",[],
588,12,141,800,0,"[1003,30]",0,"[1003,200]",[],
589,13,141,1000,0,"[1003,30]",0,"[1003,200]",[],
590,14,141,1000,0,"[1003,60]",0,"[11001,4]",[],
591,15,141,-1,0,"[1003,100]",0,"[1003,800]",[],
592,0,142,200,0,"[1003,10]",2,"[334001,1]",[],
593,1,142,200,0,"[1003,10]",1,[1],[],
594,2,142,300,0,"[1003,10]",0,"[1003,50]",[],
595,3,142,300,0,"[1003,10]",0,"[1003,50]",[],
596,4,142,400,0,"[1003,10]",0,"[1003,50]",[],
597,5,142,400,0,"[1003,15]",0,"[1003,80]",[],
598,6,142,500,0,"[1003,15]",0,"[1003,80]",[],
599,7,142,500,0,"[1003,15]",0,"[1003,80]",[],
600,8,142,500,0,"[1003,20]",0,"[1003,100]",[],
601,9,142,600,0,"[1003,20]",0,"[1003,100]",[],
602,10,142,600,0,"[1003,20]",0,"[1003,100]",[],
603,11,142,800,0,"[1003,30]",0,"[1003,200]",[],
604,12,142,800,0,"[1003,30]",0,"[1003,200]",[],
605,13,142,1000,0,"[1003,30]",0,"[1003,200]",[],
606,14,142,1000,0,"[1003,60]",0,"[11001,4]",[],
607,15,142,-1,0,"[1003,100]",0,"[1003,800]",[],
608,0,143,200,0,"[1003,10]",2,"[335001,1]",[],
609,1,143,200,0,"[1003,10]",1,[1],[],
610,2,143,300,0,"[1003,10]",0,"[1003,50]",[],
611,3,143,300,0,"[1003,10]",0,"[1003,50]",[],
612,4,143,400,0,"[1003,10]",0,"[1003,50]",[],
613,5,143,400,0,"[1003,15]",0,"[1003,80]",[],
614,6,143,500,0,"[1003,15]",0,"[1003,80]",[],
615,7,143,500,0,"[1003,15]",0,"[1003,80]",[],
616,8,143,500,0,"[1003,20]",0,"[1003,100]",[],
617,9,143,600,0,"[1003,20]",0,"[1003,100]",[],
618,10,143,600,0,"[1003,20]",0,"[1003,100]",[],
619,11,143,800,0,"[1003,30]",0,"[1003,200]",[],
620,12,143,800,0,"[1003,30]",0,"[1003,200]",[],
621,13,143,1000,0,"[1003,30]",0,"[1003,200]",[],
622,14,143,1000,0,"[1003,60]",0,"[11001,4]",[],
623,15,143,-1,0,"[1003,100]",0,"[1003,800]",[],
624,0,145,200,0,"[1003,10]",2,"[337001,1]",[],
625,1,145,200,0,"[1003,10]",1,[1],[],
626,2,145,300,0,"[1003,10]",0,"[1003,50]",[],
627,3,145,300,0,"[1003,10]",0,"[1003,50]",[],
628,4,145,400,0,"[1003,10]",0,"[1003,50]",[],
629,5,145,400,0,"[1003,15]",0,"[1003,80]",[],
630,6,145,500,0,"[1003,15]",0,"[1003,80]",[],
631,7,145,500,0,"[1003,15]",0,"[1003,80]",[],
632,8,145,500,0,"[1003,20]",0,"[1003,100]",[],
633,9,145,600,0,"[1003,20]",0,"[1003,100]",[],
634,10,145,600,0,"[1003,20]",0,"[1003,100]",[],
635,11,145,800,0,"[1003,30]",0,"[1003,200]",[],
636,12,145,800,0,"[1003,30]",0,"[1003,200]",[],
637,13,145,1000,0,"[1003,30]",0,"[1003,200]",[],
638,14,145,1000,0,"[1003,60]",0,"[11001,4]",[],
639,15,145,-1,0,"[1003,100]",0,"[1003,800]",[],
640,0,144,200,0,"[1003,10]",2,"[336001,1]",[],
641,1,144,200,0,"[1003,10]",1,[1],[],
642,2,144,300,0,"[1003,10]",0,"[1003,50]",[],
643,3,144,300,0,"[1003,10]",0,"[1003,50]",[],
644,4,144,400,0,"[1003,10]",0,"[1003,50]",[],
645,5,144,400,0,"[1003,15]",0,"[1003,80]",[],
646,6,144,500,0,"[1003,15]",0,"[1003,80]",[],
647,7,144,500,0,"[1003,15]",0,"[1003,80]",[],
648,8,144,500,0,"[1003,20]",0,"[1003,100]",[],
649,9,144,600,0,"[1003,20]",0,"[1003,100]",[],
650,10,144,600,0,"[1003,20]",0,"[1003,100]",[],
651,11,144,800,0,"[1003,30]",0,"[1003,200]",[],
652,12,144,800,0,"[1003,30]",0,"[1003,200]",[],
653,13,144,1000,0,"[1003,30]",0,"[1003,200]",[],
654,14,144,1000,0,"[1003,60]",0,"[11001,4]",[],
655,15,144,-1,0,"[1003,100]",0,"[1003,800]",[],
656,0,3,200,0,"[1003,10]",2,"[328001,1]",[],
657,1,3,200,0,"[1003,10]",1,[1],[],
658,2,3,300,0,"[1003,10]",0,"[1003,50]",[],
659,3,3,300,0,"[1003,10]",0,"[1003,50]",[],
660,4,3,400,0,"[1003,10]",0,"[1003,50]",[],
661,5,3,400,0,"[1003,15]",0,"[1003,80]",[],
662,6,3,500,0,"[1003,15]",0,"[1003,80]",[],
663,7,3,500,0,"[1003,15]",0,"[1003,80]",[],
664,8,3,500,0,"[1003,20]",0,"[1003,100]",[],
665,9,3,600,0,"[1003,20]",0,"[1003,100]",[],
666,10,3,600,0,"[1003,20]",0,"[1003,100]",[],
667,11,3,800,0,"[1003,30]",0,"[1003,200]",[],
668,12,3,800,0,"[1003,30]",0,"[1003,200]",[],
669,13,3,1000,0,"[1003,30]",0,"[1003,200]",[],
670,14,3,1000,0,"[1003,60]",0,"[11001,4]",[],
671,15,3,-1,0,"[1003,100]",0,"[1003,800]",[],
672,0,4,200,0,"[1003,10]",2,"[326001,1]",[],
673,1,4,200,0,"[1003,10]",1,[1],[],
674,2,4,300,0,"[1003,10]",0,"[1003,50]",[],
675,3,4,300,0,"[1003,10]",0,"[1003,50]",[],
676,4,4,400,0,"[1003,10]",0,"[1003,50]",[],
677,5,4,400,0,"[1003,15]",0,"[1003,80]",[],
678,6,4,500,0,"[1003,15]",0,"[1003,80]",[],
679,7,4,500,0,"[1003,15]",0,"[1003,80]",[],
680,8,4,500,0,"[1003,20]",0,"[1003,100]",[],
681,9,4,600,0,"[1003,20]",0,"[1003,100]",[],
682,10,4,600,0,"[1003,20]",0,"[1003,100]",[],
683,11,4,800,0,"[1003,30]",0,"[1003,200]",[],
684,12,4,800,0,"[1003,30]",0,"[1003,200]",[],
685,13,4,1000,0,"[1003,30]",0,"[1003,200]",[],
686,14,4,1000,0,"[1003,60]",0,"[11001,4]",[],
687,15,4,-1,0,"[1003,100]",0,"[1003,800]",[],
688,0,146,200,0,"[1003,10]",2,"[338001,1]",[],
689,1,146,200,0,"[1003,10]",1,[1],[],
690,2,146,300,0,"[1003,10]",0,"[1003,50]",[],
691,3,146,300,0,"[1003,10]",0,"[1003,50]",[],
692,4,146,400,0,"[1003,10]",0,"[1003,50]",[],
693,5,146,400,0,"[1003,15]",0,"[1003,80]",[],
694,6,146,500,0,"[1003,15]",0,"[1003,80]",[],
695,7,146,500,0,"[1003,15]",0,"[1003,80]",[],
696,8,146,500,0,"[1003,20]",0,"[1003,100]",[],
697,9,146,600,0,"[1003,20]",0,"[1003,100]",[],
698,10,146,600,0,"[1003,20]",0,"[1003,100]",[],
699,11,146,800,0,"[1003,30]",0,"[1003,200]",[],
700,12,146,800,0,"[1003,30]",0,"[1003,200]",[],
701,13,146,1000,0,"[1003,30]",0,"[1003,200]",[],
702,14,146,1000,0,"[1003,60]",0,"[11001,4]",[],
703,15,146,-1,0,"[1003,100]",0,"[1003,800]",[],
20000,0,20001,5,0,"[1002,100]",0,"[6403,5]",[],
20001,1,20001,5,0,"[6402,1]",0,"[6401,1]",[],
20002,2,20001,5,0,"[1001,5]",0,"[1003,200]",[],
20003,3,20001,5,0,"[1002,200]",0,"[6401,1]",[],
20004,4,20001,5,0,"[6402,1]",0,"[1003,300]",[],
20005,5,20001,5,0,"[1001,10]",0,"[6401,1]",[],
20006,6,20001,5,0,"[1002,300]",0,"[6400,1]",[],
20007,7,20001,5,0,"[1002,400]",0,"[6403,5]",[],
20008,8,20001,5,0,"[6402,1]",0,"[6401,2]",[],
20009,9,20001,5,0,"[1001,15]",0,"[6400,1]",[],
20010,10,20001,5,0,"[1002,500]",0,"[1003,300]",[],
20011,11,20001,4,0,"[6402,1]",0,"[6401,2]",[],
20012,12,20001,-1,0,"[1001,20]",0,"[6400,1]",[],
704,0,147,200,0,"[1003,10]",2,"[339001,1]",[],
705,1,147,200,0,"[1003,10]",1,[1],[],
706,2,147,300,0,"[1003,10]",0,"[1003,50]",[],
707,3,147,300,0,"[1003,10]",0,"[1003,50]",[],
708,4,147,400,0,"[1003,10]",0,"[1003,50]",[],
709,5,147,400,0,"[1003,15]",0,"[1003,80]",[],
710,6,147,500,0,"[1003,15]",0,"[1003,80]",[],
711,7,147,500,0,"[1003,15]",0,"[1003,80]",[],
712,8,147,500,0,"[1003,20]",0,"[1003,100]",[],
713,9,147,600,0,"[1003,20]",0,"[1003,100]",[],
714,10,147,600,0,"[1003,20]",0,"[1003,100]",[],
715,11,147,800,0,"[1003,30]",0,"[1003,200]",[],
716,12,147,800,0,"[1003,30]",0,"[1003,200]",[],
717,13,147,1000,0,"[1003,30]",0,"[1003,200]",[],
718,14,147,1000,0,"[1003,60]",0,"[11001,4]",[],
719,15,147,-1,0,"[1003,100]",0,"[1003,800]",[],
720,0,149,200,0,"[1003,10]",2,"[340001,1]",[],
721,1,149,200,0,"[1003,10]",1,[1],[],
722,2,149,300,0,"[1003,10]",0,"[1003,50]",[],
723,3,149,300,0,"[1003,10]",0,"[1003,50]",[],
724,4,149,400,0,"[1003,10]",0,"[1003,50]",[],
725,5,149,400,0,"[1003,15]",0,"[1003,80]",[],
726,6,149,500,0,"[1003,15]",0,"[1003,80]",[],
727,7,149,500,0,"[1003,15]",0,"[1003,80]",[],
728,8,149,500,0,"[1003,20]",0,"[1003,100]",[],
729,9,149,600,0,"[1003,20]",0,"[1003,100]",[],
730,10,149,600,0,"[1003,20]",0,"[1003,100]",[],
731,11,149,800,0,"[1003,30]",0,"[1003,200]",[],
732,12,149,800,0,"[1003,30]",0,"[1003,200]",[],
733,13,149,1000,0,"[1003,30]",0,"[1003,200]",[],
734,14,149,1000,0,"[1003,60]",0,"[11001,4]",[],
735,15,149,-1,0,"[1003,100]",0,"[1003,800]",[],
736,0,151,200,0,"[1003,10]",2,"[340001,1]",[],
737,1,151,200,0,"[1003,10]",1,[1],[],
738,2,151,300,0,"[1003,10]",0,"[1003,50]",[],
739,3,151,300,0,"[1003,10]",0,"[1003,50]",[],
740,4,151,400,0,"[1003,10]",0,"[1003,50]",[],
741,5,151,400,0,"[1003,15]",0,"[1003,80]",[],
742,6,151,500,0,"[1003,15]",0,"[1003,80]",[],
743,7,151,500,0,"[1003,15]",0,"[1003,80]",[],
744,8,151,500,0,"[1003,20]",0,"[1003,100]",[],
745,9,151,600,0,"[1003,20]",0,"[1003,100]",[],
746,10,151,600,0,"[1003,20]",0,"[1003,100]",[],
747,11,151,800,0,"[1003,30]",0,"[1003,200]",[],
748,12,151,800,0,"[1003,30]",0,"[1003,200]",[],
749,13,151,1000,0,"[1003,30]",0,"[1003,200]",[],
750,14,151,1000,0,"[1003,60]",0,"[11001,4]",[],
751,15,151,-1,0,"[1003,100]",0,"[1003,800]",[],
752,0,150,200,0,"[1006,10]",2,"[341001,1]",[],
753,1,150,200,0,"[1006,10]",1,[1],[],
754,2,150,300,0,"[1006,10]",0,"[1006,50]",[],
755,3,150,300,0,"[1006,10]",0,"[1006,50]",[],
756,4,150,400,0,"[1006,10]",0,"[1006,50]",[],
757,5,150,400,0,"[1006,15]",0,"[1006,80]",[],
758,6,150,500,0,"[1006,15]",0,"[1006,80]",[],
759,7,150,500,0,"[1006,15]",0,"[1006,80]",[],
760,8,150,500,0,"[1006,20]",0,"[1006,100]",[],
761,9,150,600,0,"[1006,20]",0,"[1006,100]",[],
762,10,150,600,0,"[1006,20]",0,"[1006,100]",[],
763,11,150,800,0,"[1006,30]",0,"[1006,200]",[],
764,12,150,800,0,"[1006,30]",0,"[1006,200]",[],
765,13,150,1000,0,"[1006,30]",0,"[1006,200]",[],
766,14,150,1000,0,"[1006,60]",0,"[11001,4]",[],
767,15,150,-1,0,"[1006,100]",0,"[1006,800]",[],
768,0,152,200,0,"[1003,10]",2,"[341001,1]",[],
769,1,152,200,0,"[1003,10]",1,[1],[],
770,2,152,300,0,"[1003,10]",0,"[1003,50]",[],
771,3,152,300,0,"[1003,10]",0,"[1003,50]",[],
772,4,152,400,0,"[1003,10]",0,"[1003,50]",[],
773,5,152,400,0,"[1003,15]",0,"[1003,80]",[],
774,6,152,500,0,"[1003,15]",0,"[1003,80]",[],
775,7,152,500,0,"[1003,15]",0,"[1003,80]",[],
776,8,152,500,0,"[1003,20]",0,"[1003,100]",[],
777,9,152,600,0,"[1003,20]",0,"[1003,100]",[],
778,10,152,600,0,"[1003,20]",0,"[1003,100]",[],
779,11,152,800,0,"[1003,30]",0,"[1003,200]",[],
780,12,152,800,0,"[1003,30]",0,"[1003,200]",[],
781,13,152,1000,0,"[1003,30]",0,"[1003,200]",[],
782,14,152,1000,0,"[1003,60]",0,"[11001,4]",[],
783,15,152,-1,0,"[1003,100]",0,"[1003,800]",[],
