id,level,activityId,exp,normalType,normalItem,vipType,vipItem,diamondCost,specialReward,
244,0,1,50,0,"[1003,40]",3,[1],30,1,
245,1,1,50,0,"[1002,100]",5,[30],30,1,
246,2,1,70,0,"[1003,30]",1,[1],30,1,
247,3,1,70,0,"[1001,3]",0,"[1002,300]",30,0,
248,4,1,100,0,"[2007,5]",0,"[15000,20]",30,0,
249,5,1,100,0,"[1002,200]",2,[10],30,1,
250,6,1,100,0,"[13001,5]",0,"[1001,20]",30,0,
251,7,1,100,0,"[15000,5]",0,"[1002,500]",30,0,
252,8,1,100,0,"[1002,300]",0,"[2007,20]",30,0,
253,9,1,120,0,"[2002,10]",0,"[11001,1]",30,0,
254,10,1,120,0,"[1003,40]",0,"[1003,100]",30,0,
255,11,1,120,0,"[1001,10]",0,"[1001,30]",30,0,
256,12,1,150,0,"[1003,60]",0,"[1003,300]",30,0,
257,13,1,150,0,"[1002,400]",0,"[1002,700]",30,0,
258,14,1,200,0,"[30000,5]",0,"[30000,15]",30,0,
259,15,1,200,0,"[11001,1]",6,[24001],30,1,
260,16,1,200,0,"[2007,10]",0,"[2008,15]",30,0,
261,17,1,200,0,"[16000,5]",0,"[16000,25]",30,0,
262,18,1,200,0,"[2002,5]",0,"[2002,30]",30,0,
263,19,1,400,0,"[1002,500]",0,"[1002,1000]",30,0,
264,20,1,400,0,"[1003,80]",0,"[1003,300]",30,1,
265,21,1,400,0,"[2005,5]",0,"[2005,20]",30,0,
266,22,1,600,0,"[1003,100]",0,"[42000,10]",30,0,
267,23,1,600,0,"[11001,1]",4,[27202],30,1,
268,24,1,800,0,"[1002,600]",0,"[1002,1300]",30,0,
269,25,1,1200,0,"[42000,1]",0,"[11001,2]",30,0,
270,26,1,-1,0,"[1001,10]",0,"[1001,50]",30,0,
300,0,2,50,0,"[1003,40]",3,[1],30,1,
301,1,2,50,0,"[1002,100]",5,[30],30,1,
302,2,2,70,0,"[1003,30]",1,[1],30,1,
303,3,2,70,0,"[1001,3]",0,"[1002,300]",30,0,
304,4,2,100,0,"[2007,5]",0,"[15000,20]",30,0,
305,5,2,100,0,"[1002,200]",2,[10],30,1,
306,6,2,100,0,"[13001,5]",0,"[1001,20]",30,0,
307,7,2,100,0,"[15000,5]",0,"[1002,500]",30,0,
308,8,2,100,0,"[1002,300]",0,"[2007,20]",30,0,
309,9,2,120,0,"[2002,10]",0,"[11001,1]",30,0,
310,10,2,120,0,"[1003,40]",0,"[1003,100]",30,0,
311,11,2,120,0,"[1001,10]",0,"[1001,30]",30,0,
312,12,2,150,0,"[1003,60]",0,"[1003,300]",30,0,
313,13,2,150,0,"[1002,400]",0,"[1002,700]",30,0,
314,14,2,200,0,"[30000,5]",0,"[30000,15]",30,0,
315,15,2,200,0,"[11001,1]",6,[24002],30,1,
316,16,2,200,0,"[2007,10]",0,"[2008,15]",30,0,
317,17,2,200,0,"[16000,5]",0,"[16000,25]",30,0,
318,18,2,200,0,"[2002,5]",0,"[2002,30]",30,0,
319,19,2,400,0,"[1002,500]",0,"[1002,1000]",30,0,
320,20,2,400,0,"[1003,80]",0,"[1003,300]",30,1,
321,21,2,400,0,"[2005,5]",0,"[2005,20]",30,0,
322,22,2,600,0,"[1003,100]",0,"[42000,10]",30,0,
323,23,2,600,0,"[11001,1]",4,[27203],30,1,
324,24,2,800,0,"[1002,600]",0,"[1002,1300]",30,0,
325,25,2,1200,0,"[42000,1]",0,"[11001,2]",30,0,
326,26,2,-1,0,"[1001,10]",0,"[1001,50]",30,0,
400,0,3,50,0,"[1003,40]",3,[1],30,1,
401,1,3,50,0,"[1002,100]",5,[30],30,1,
402,2,3,70,0,"[1003,30]",1,[1],30,1,
403,3,3,70,0,"[1001,3]",0,"[1002,300]",30,0,
404,4,3,100,0,"[2007,5]",0,"[15000,20]",30,0,
405,5,3,100,0,"[1002,200]",2,[10],30,1,
406,6,3,100,0,"[13001,5]",0,"[1001,20]",30,0,
407,7,3,100,0,"[15000,5]",0,"[1002,500]",30,0,
408,8,3,100,0,"[1002,300]",0,"[2007,20]",30,0,
409,9,3,120,0,"[2002,10]",0,"[11001,1]",30,0,
410,10,3,120,0,"[1003,40]",0,"[1003,100]",30,0,
411,11,3,120,0,"[1001,10]",0,"[1001,30]",30,0,
412,12,3,150,0,"[1003,60]",0,"[1003,300]",30,0,
413,13,3,150,0,"[1002,400]",0,"[1002,700]",30,0,
414,14,3,200,0,"[30000,5]",0,"[30000,15]",30,0,
415,15,3,200,0,"[11001,1]",6,[24003],30,1,
416,16,3,200,0,"[2007,10]",0,"[2008,15]",30,0,
417,17,3,200,0,"[16000,5]",0,"[16000,25]",30,0,
418,18,3,200,0,"[2002,5]",0,"[2002,30]",30,0,
419,19,3,400,0,"[1002,500]",0,"[1002,1000]",30,0,
420,20,3,400,0,"[1003,80]",0,"[1003,300]",30,1,
421,21,3,400,0,"[2005,5]",0,"[2005,20]",30,0,
422,22,3,600,0,"[42000,2]",0,"[42000,10]",30,0,
423,23,3,600,0,"[11001,1]",4,[27207],30,1,
424,24,3,800,0,"[1002,600]",0,"[1002,1300]",30,0,
425,25,3,1200,0,"[1003,100]",0,"[11001,2]",30,0,
426,26,3,-1,0,"[1001,10]",0,"[1001,50]",30,0,
500,0,4,50,0,"[1003,40]",7,"[92011,1]",30,0,
501,1,4,50,0,"[1002,100]",5,[30],30,1,
502,2,4,70,0,"[1003,30]",1,[1],30,1,
503,3,4,70,0,"[1001,3]",3,[1],30,1,
504,4,4,100,0,"[2007,5]",0,"[15000,20]",30,0,
505,5,4,100,0,"[1002,200]",2,[10],30,1,
506,6,4,100,0,"[13001,5]",0,"[1001,20]",30,0,
507,7,4,100,0,"[15000,5]",0,"[1002,500]",30,0,
508,8,4,100,0,"[1002,300]",0,"[2007,20]",30,0,
509,9,4,120,0,"[2002,10]",0,"[11001,1]",30,0,
510,10,4,120,0,"[1003,40]",0,"[1003,100]",30,0,
511,11,4,120,0,"[1001,10]",0,"[1001,30]",30,0,
512,12,4,150,0,"[1003,60]",0,"[1003,300]",30,0,
513,13,4,150,0,"[1002,400]",0,"[1002,700]",30,0,
514,14,4,200,0,"[30000,5]",0,"[30000,15]",30,0,
515,15,4,200,0,"[11001,1]",6,[24004],30,1,
516,16,4,200,0,"[2007,10]",0,"[2008,15]",30,0,
517,17,4,200,0,"[16000,5]",0,"[16000,25]",30,0,
518,18,4,200,0,"[2002,5]",0,"[2002,30]",30,0,
519,19,4,400,0,"[1002,500]",0,"[1002,1000]",30,0,
520,20,4,400,0,"[1003,80]",0,"[1003,300]",30,1,
521,21,4,400,0,"[2005,5]",0,"[2005,20]",30,0,
522,22,4,600,0,"[42000,2]",0,"[42000,10]",30,0,
523,23,4,600,0,"[11001,1]",4,[27215],30,1,
524,24,4,800,0,"[1002,600]",0,"[1002,1300]",30,0,
525,25,4,1200,0,"[1003,100]",0,"[11001,2]",30,0,
526,26,4,-1,0,"[1001,10]",0,"[1001,50]",30,0,
600,0,5,50,0,"[1003,40]",7,"[92019,1]",30,0,
601,1,5,50,0,"[1002,100]",5,[50],30,1,
602,2,5,70,0,"[1003,30]",1,[1],30,1,
603,3,5,70,0,"[1001,3]",3,[1],30,1,
604,4,5,90,0,"[2007,5]",0,"[15000,20]",30,0,
605,5,5,90,0,"[1002,200]",2,[10],30,1,
606,6,5,90,0,"[13001,5]",0,"[1001,20]",30,0,
607,7,5,100,0,"[15000,5]",0,"[1002,500]",30,0,
608,8,5,100,0,"[1002,300]",0,"[2007,20]",30,0,
609,9,5,100,0,"[2002,10]",0,"[11001,1]",30,0,
610,10,5,120,0,"[1003,40]",0,"[1003,100]",30,0,
611,11,5,120,0,"[1001,8]",0,"[1001,30]",30,0,
612,12,5,120,0,"[1003,60]",0,"[1003,300]",30,0,
613,13,5,150,0,"[1002,300]",0,"[1002,900]",30,0,
614,14,5,150,0,"[30000,5]",0,"[30000,15]",30,0,
615,15,5,150,0,"[11001,1]",6,[24005],30,1,
616,16,5,200,0,"[2007,10]",0,"[2008,15]",30,0,
617,17,5,200,0,"[16000,5]",0,"[16000,25]",30,0,
618,18,5,200,0,"[2002,5]",0,"[2002,30]",30,0,
619,19,5,250,0,"[1002,500]",0,"[1002,1000]",30,0,
620,20,5,250,0,"[1003,80]",0,"[1003,300]",30,1,
621,21,5,300,0,"[2005,5]",0,"[2005,20]",30,0,
622,22,5,300,0,"[42000,2]",0,"[42000,10]",30,0,
623,23,5,400,0,"[11001,1]",4,[27212],30,1,
624,24,5,600,0,"[1002,600]",0,"[1002,1300]",30,0,
625,25,5,800,0,"[1003,100]",0,"[11001,2]",30,0,
626,26,5,-1,0,"[1001,10]",0,"[1001,50]",30,0,
650,0,6,50,0,"[1003,40]",7,"[92014,1]",30,0,
651,1,6,50,0,"[1002,100]",5,[50],30,1,
652,2,6,70,0,"[1003,30]",1,[1],30,1,
653,3,6,70,0,"[1001,3]",3,[1],30,1,
654,4,6,90,0,"[2007,5]",0,"[15000,20]",30,0,
655,5,6,90,0,"[1002,200]",2,[10],30,1,
656,6,6,90,0,"[13001,5]",0,"[1001,20]",30,0,
657,7,6,100,0,"[15000,5]",0,"[1002,500]",30,0,
658,8,6,100,0,"[1002,300]",0,"[2007,20]",30,0,
659,9,6,100,0,"[2002,10]",0,"[11001,1]",30,0,
660,10,6,120,0,"[1003,40]",0,"[1003,100]",30,0,
661,11,6,120,0,"[1001,8]",0,"[1001,30]",30,0,
662,12,6,120,0,"[1003,60]",0,"[1003,300]",30,0,
663,13,6,150,0,"[1002,300]",0,"[1002,900]",30,0,
664,14,6,150,0,"[30000,5]",0,"[30000,15]",30,0,
665,15,6,150,0,"[11001,1]",6,[24006],30,1,
666,16,6,200,0,"[2007,10]",0,"[2008,15]",30,0,
667,17,6,200,0,"[16000,5]",0,"[16000,25]",30,0,
668,18,6,200,0,"[2002,5]",0,"[2002,30]",30,0,
669,19,6,250,0,"[1002,500]",0,"[1002,1000]",30,0,
670,20,6,250,0,"[1003,80]",0,"[1003,300]",30,1,
671,21,6,300,0,"[2005,5]",0,"[2005,20]",30,0,
672,22,6,300,0,"[42000,2]",0,"[42000,10]",30,0,
673,23,6,400,0,"[11001,1]",4,[27210],30,1,
674,24,6,600,0,"[1002,600]",0,"[1002,1300]",30,0,
675,25,6,800,0,"[1003,100]",0,"[11001,2]",30,0,
676,26,6,-1,0,"[1001,10]",0,"[1001,50]",30,0,
700,0,7,50,0,"[1003,40]",7,"[92018,1]",30,0,
701,1,7,50,0,"[1002,100]",5,[50],30,1,
702,2,7,70,0,"[1003,30]",1,[1],30,1,
703,3,7,70,0,"[1001,3]",3,[1],30,1,
704,4,7,90,0,"[2007,5]",0,"[15000,20]",30,0,
705,5,7,90,0,"[1002,200]",2,[10],30,1,
706,6,7,90,0,"[13001,5]",0,"[1001,20]",30,0,
707,7,7,100,0,"[15000,5]",0,"[1002,500]",30,0,
708,8,7,100,0,"[1002,300]",0,"[2007,20]",30,0,
709,9,7,100,0,"[2002,10]",0,"[11001,1]",30,0,
710,10,7,120,0,"[1003,40]",0,"[1003,100]",30,0,
711,11,7,120,0,"[1001,8]",0,"[1001,30]",30,0,
712,12,7,120,0,"[1003,60]",0,"[1003,300]",30,0,
713,13,7,150,0,"[1002,300]",0,"[1002,900]",30,0,
714,14,7,150,0,"[30000,5]",0,"[30000,15]",30,0,
715,15,7,150,0,"[11001,1]",6,[24022],30,1,
716,16,7,200,0,"[2007,10]",0,"[2008,15]",30,0,
717,17,7,200,0,"[16000,5]",0,"[16000,25]",30,0,
718,18,7,200,0,"[2002,5]",0,"[2002,30]",30,0,
719,19,7,250,0,"[1002,500]",0,"[1002,1000]",30,0,
720,20,7,250,0,"[1003,80]",0,"[1003,300]",30,1,
721,21,7,300,0,"[2005,5]",0,"[2005,20]",30,0,
722,22,7,300,0,"[42000,2]",0,"[42000,10]",30,0,
723,23,7,400,0,"[11001,1]",4,[27218],30,1,
724,24,7,600,0,"[1002,600]",0,"[1002,1300]",30,0,
725,25,7,800,0,"[1003,100]",0,"[11001,2]",30,0,
726,26,7,-1,0,"[1001,10]",0,"[1001,50]",30,0,
800,0,8,40,0,"[1003,20]",7,"[92020,1]",30,0,
801,1,8,40,0,"[1002,100]",0,"[1002,300]",30,1,
802,2,8,56,0,"[1003,40]",1,[1],30,1,
803,3,8,56,0,"[1001,5]",0,"[1002,300]",30,1,
804,4,8,80,0,"[2007,5]",0,"[15000,20]",30,0,
805,5,8,80,0,"[1002,200]",2,[10],30,1,
806,6,8,80,0,"[13001,5]",0,"[1001,20]",30,0,
807,7,8,80,0,"[15000,5]",0,"[1002,500]",30,0,
808,8,8,80,0,"[1002,300]",0,"[2007,20]",30,0,
809,9,8,96,0,"[2002,10]",0,"[11001,1]",30,0,
810,10,8,96,0,"[1003,60]",3,[1],30,0,
811,11,8,96,0,"[1001,10]",0,"[1001,30]",30,0,
812,12,8,120,0,"[1003,80]",0,"[1003,300]",30,0,
813,13,8,120,0,"[1002,400]",0,"[1002,700]",30,0,
814,14,8,160,0,"[2100,5]",0,"[2100,10]",30,0,
815,15,8,160,0,"[11001,1]",6,[24024],30,1,
816,16,8,160,0,"[2007,10]",0,"[2008,15]",30,0,
817,17,8,160,0,"[16000,5]",0,"[16000,25]",30,0,
818,18,8,160,0,"[2002,5]",0,"[2002,30]",30,0,
819,19,8,320,0,"[1002,500]",0,"[1002,1000]",30,0,
820,20,8,320,0,"[1003,100]",0,"[1003,300]",30,1,
821,21,8,320,0,"[2005,5]",0,"[2005,20]",30,0,
822,22,8,480,0,"[1003,120]",0,"[25000,4]",30,0,
823,23,8,480,0,"[11001,2]",4,[27219],30,1,
824,24,8,640,0,"[1002,600]",0,"[1002,1300]",30,0,
825,25,8,960,0,"[25000,1]",0,"[11001,2]",30,0,
826,26,8,-1,0,"[1001,20]",0,"[1001,50]",30,0,
827,999,8,-1,0,[],5,[80],30,0,
900,0,9,40,0,"[1003,20]",7,"[92021,1]",30,0,
901,1,9,40,0,"[1002,100]",0,"[1002,300]",30,1,
902,2,9,56,0,"[1003,40]",1,[1],30,1,
903,3,9,56,0,"[1001,5]",0,"[1002,300]",30,1,
904,4,9,80,0,"[2007,5]",0,"[15000,20]",30,0,
905,5,9,80,0,"[1002,200]",2,[10],30,1,
906,6,9,80,0,"[13001,5]",0,"[1001,20]",30,0,
907,7,9,80,0,"[15000,5]",0,"[1002,500]",30,0,
908,8,9,80,0,"[1002,300]",0,"[2007,20]",30,0,
909,9,9,96,0,"[2002,10]",0,"[11001,1]",30,0,
910,10,9,96,0,"[1003,60]",3,[1],30,0,
911,11,9,96,0,"[1001,10]",0,"[1001,30]",30,0,
912,12,9,120,0,"[1003,80]",0,"[1003,300]",30,0,
913,13,9,120,0,"[1002,400]",0,"[1002,700]",30,0,
914,14,9,160,0,"[2100,5]",0,"[2100,10]",30,0,
915,15,9,160,0,"[11001,1]",6,[24025],30,1,
916,16,9,160,0,"[2007,10]",0,"[2008,15]",30,0,
917,17,9,160,0,"[16000,5]",0,"[16000,25]",30,0,
918,18,9,160,0,"[2002,5]",0,"[2002,30]",30,0,
919,19,9,320,0,"[1002,500]",0,"[1002,1000]",30,0,
920,20,9,320,0,"[1003,100]",0,"[1003,300]",30,1,
921,21,9,320,0,"[2005,5]",0,"[2005,20]",30,0,
922,22,9,480,0,"[1003,120]",0,"[42000,4]",30,0,
923,23,9,480,0,"[11001,2]",4,[27220],30,1,
924,24,9,640,0,"[1002,600]",0,"[1002,1300]",30,0,
925,25,9,960,0,"[42000,1]",0,"[11001,2]",30,0,
926,26,9,-1,0,"[1001,20]",0,"[1001,50]",30,0,
927,999,9,-1,0,[],5,[80],30,0,
1000,0,10,40,0,"[1003,20]",7,"[27751,1]",30,0,
1001,1,10,40,0,"[1002,100]",0,"[1002,300]",30,1,
1002,2,10,56,0,"[1003,40]",1,[1],30,1,
1003,3,10,56,0,"[1001,5]",0,"[1002,300]",30,1,
1004,4,10,80,0,"[2007,5]",0,"[15000,20]",30,0,
1005,5,10,80,0,"[1002,200]",2,[10],30,1,
1006,6,10,80,0,"[13001,5]",0,"[1001,20]",30,0,
1007,7,10,80,0,"[15000,5]",0,"[1002,500]",30,0,
1008,8,10,80,0,"[1002,300]",0,"[2007,20]",30,0,
1009,9,10,96,0,"[2002,10]",0,"[11001,1]",30,0,
1010,10,10,96,0,"[1003,60]",3,[1],30,0,
1011,11,10,96,0,"[1001,10]",0,"[1001,30]",30,0,
1012,12,10,120,0,"[1003,80]",0,"[1003,300]",30,0,
1013,13,10,120,0,"[1002,400]",0,"[1002,700]",30,0,
1014,14,10,160,0,"[2100,5]",0,"[2100,10]",30,0,
1015,15,10,160,0,"[11001,1]",6,[24026],30,1,
1016,16,10,160,0,"[2007,10]",0,"[2008,15]",30,0,
1017,17,10,160,0,"[16000,5]",0,"[16000,25]",30,0,
1018,18,10,160,0,"[2002,5]",0,"[2002,30]",30,0,
1019,19,10,320,0,"[1002,500]",0,"[1002,1000]",30,0,
1020,20,10,320,0,"[1003,100]",0,"[1003,300]",30,1,
1021,21,10,320,0,"[2005,5]",0,"[2005,20]",30,0,
1022,22,10,480,0,"[1003,120]",0,"[42000,4]",30,0,
1023,23,10,480,0,"[11001,2]",4,[27221],30,1,
1024,24,10,640,0,"[1002,600]",0,"[1002,1300]",30,0,
1025,25,10,960,0,"[42000,1]",0,"[11001,2]",30,0,
1026,26,10,-1,0,"[1001,20]",0,"[1001,50]",30,0,
1027,999,10,-1,0,[],5,[80],30,0,
1100,0,11,40,0,"[1003,20]",7,"[27752,1]",30,0,
1101,1,11,40,0,"[1002,100]",0,"[1002,300]",30,1,
1102,2,11,56,0,"[1003,40]",1,[1],30,1,
1103,3,11,56,0,"[1001,5]",0,"[1002,300]",30,1,
1104,4,11,80,0,"[2007,5]",0,"[15000,20]",30,0,
1105,5,11,80,0,"[1002,200]",2,[10],30,1,
1106,6,11,80,0,"[13001,5]",0,"[1001,20]",30,0,
1107,7,11,80,0,"[15000,5]",0,"[1002,500]",30,0,
1108,8,11,80,0,"[1002,300]",0,"[2007,20]",30,0,
1109,9,11,96,0,"[2002,10]",0,"[11001,1]",30,0,
1110,10,11,96,0,"[1003,60]",3,[1],30,0,
1111,11,11,96,0,"[1001,10]",0,"[1001,30]",30,0,
1112,12,11,120,0,"[1003,80]",0,"[1003,300]",30,0,
1113,13,11,120,0,"[1002,400]",0,"[1002,700]",30,0,
1114,14,11,160,0,"[2100,5]",0,"[2100,10]",30,0,
1115,15,11,160,0,"[11001,1]",6,[24027],30,1,
1116,16,11,160,0,"[2007,10]",0,"[2008,15]",30,0,
1117,17,11,160,0,"[16000,5]",0,"[16000,25]",30,0,
1118,18,11,160,0,"[2002,5]",0,"[2002,30]",30,0,
1119,19,11,320,0,"[1002,500]",0,"[1002,1000]",30,0,
1120,20,11,320,0,"[1003,100]",0,"[1003,300]",30,1,
1121,21,11,320,0,"[2005,5]",0,"[2005,20]",30,0,
1122,22,11,480,0,"[1003,120]",0,"[42000,4]",30,0,
1123,23,11,480,0,"[11001,2]",4,[27222],30,1,
1124,24,11,640,0,"[1002,600]",0,"[1002,1300]",30,0,
1125,25,11,960,0,"[42000,1]",0,"[11001,2]",30,0,
1126,26,11,-1,0,"[1001,20]",0,"[1001,50]",30,0,
1127,999,11,-1,0,[],5,[80],30,0,
1200,0,12,40,0,"[1003,20]",7,"[27755,1]",30,0,
1201,1,12,40,0,"[1002,100]",0,"[1002,300]",30,1,
1202,2,12,56,0,"[1003,40]",1,[1],30,1,
1203,3,12,56,0,"[1001,5]",0,"[1002,300]",30,1,
1204,4,12,80,0,"[2007,5]",0,"[15000,20]",30,0,
1205,5,12,80,0,"[1002,200]",2,[10],30,1,
1206,6,12,80,0,"[13001,5]",0,"[1001,20]",30,0,
1207,7,12,80,0,"[15000,5]",0,"[1002,500]",30,0,
1208,8,12,80,0,"[1002,300]",0,"[2007,20]",30,0,
1209,9,12,96,0,"[2002,10]",0,"[11001,1]",30,0,
1210,10,12,96,0,"[1003,60]",3,[1],30,0,
1211,11,12,96,0,"[1001,10]",0,"[1001,30]",30,0,
1212,12,12,120,0,"[1003,80]",0,"[1003,300]",30,0,
1213,13,12,120,0,"[1002,400]",0,"[1002,700]",30,0,
1214,14,12,160,0,"[2100,5]",0,"[2100,10]",30,0,
1215,15,12,160,0,"[11001,1]",6,[24029],30,1,
1216,16,12,160,0,"[2007,10]",0,"[2008,15]",30,0,
1217,17,12,160,0,"[16000,5]",0,"[16000,25]",30,0,
1218,18,12,160,0,"[2002,5]",0,"[2002,30]",30,0,
1219,19,12,320,0,"[1002,500]",0,"[1002,1000]",30,0,
1220,20,12,320,0,"[1003,100]",0,"[1003,300]",30,1,
1221,21,12,320,0,"[2005,5]",0,"[2005,20]",30,0,
1222,22,12,480,0,"[1003,120]",0,"[42000,4]",30,0,
1223,23,12,480,0,"[11001,2]",4,[27223],30,1,
1224,24,12,640,0,"[1002,600]",0,"[1002,1300]",30,0,
1225,25,12,960,0,"[42000,1]",0,"[11001,2]",30,0,
1226,26,12,-1,0,"[1001,20]",0,"[1001,50]",30,0,
1227,999,12,-1,0,[],5,[80],30,0,
1300,0,13,40,0,"[1003,20]",7,"[27758,1]",30,0,
1301,1,13,40,0,"[1002,100]",0,"[1002,300]",30,1,
1302,2,13,56,0,"[1003,40]",1,[1],30,1,
1303,3,13,56,0,"[1001,5]",0,"[1002,300]",30,1,
1304,4,13,80,0,"[2007,5]",0,"[15000,20]",30,0,
1305,5,13,80,0,"[1002,200]",2,[10],30,1,
1306,6,13,80,0,"[13001,5]",0,"[1001,20]",30,0,
1307,7,13,80,0,"[15000,5]",0,"[1002,500]",30,0,
1308,8,13,80,0,"[1002,300]",0,"[2007,20]",30,0,
1309,9,13,96,0,"[2002,10]",0,"[11001,1]",30,0,
1310,10,13,96,0,"[1003,60]",3,[1],30,0,
1311,11,13,96,0,"[1001,10]",0,"[1001,30]",30,0,
1312,12,13,120,0,"[1003,80]",0,"[1003,300]",30,0,
1313,13,13,120,0,"[1002,400]",0,"[1002,700]",30,0,
1314,14,13,160,0,"[2100,5]",0,"[2100,10]",30,0,
1315,15,13,160,0,"[11001,1]",6,[24031],30,1,
1316,16,13,160,0,"[2007,10]",0,"[2008,15]",30,0,
1317,17,13,160,0,"[16000,5]",0,"[16000,25]",30,0,
1318,18,13,160,0,"[2002,5]",0,"[2002,30]",30,0,
1319,19,13,320,0,"[1002,500]",0,"[1002,1000]",30,0,
1320,20,13,320,0,"[1003,100]",0,"[1003,300]",30,1,
1321,21,13,320,0,"[2005,5]",0,"[2005,20]",30,0,
1322,22,13,480,0,"[1003,120]",0,"[42000,4]",30,0,
1323,23,13,480,0,"[11001,2]",4,[27225],30,1,
1324,24,13,640,0,"[1002,600]",0,"[1002,1300]",30,0,
1325,25,13,960,0,"[42000,1]",0,"[11001,2]",30,0,
1326,26,13,-1,0,"[1001,20]",0,"[1001,50]",30,0,
1327,999,13,-1,0,[],5,[80],30,0,
1400,0,14,40,0,"[1003,10]",7,"[92022,1]",30,0,
1401,1,14,40,0,"[60001,1]",0,"[1003,50]",30,1,
1402,2,14,40,0,"[1002,200]",1,[1],30,0,
1403,3,14,40,0,"[1003,15]",0,"[1003,50]",30,1,
1404,4,14,50,0,"[2006,5]",0,"[15000,20]",30,1,
1405,5,14,50,0,"[1002,200]",2,[10],30,0,
1406,6,14,50,0,"[1003,15]",0,"[1003,50]",30,1,
1407,7,14,50,0,"[1002,200]",0,"[1002,1000]",30,1,
1408,8,14,60,0,"[2007,20]",0,"[2008,20]",30,1,
1409,9,14,60,0,"[1003,30]",0,"[11001,1]",30,1,
1410,10,14,60,0,"[1002,500]",3,[1],30,0,
1411,11,14,60,0,"[1001,10]",0,"[1001,50]",30,1,
1412,12,14,60,0,"[1003,50]",0,"[1003,200]",30,1,
1413,13,14,80,0,"[1002,500]",0,"[1002,2000]",30,1,
1414,14,14,80,0,"[2100,5]",0,"[2100,10]",30,1,
1415,15,14,80,0,"[1002,500]",6,[24032],30,0,
1416,16,14,80,0,"[1003,50]",0,"[1003,200]",30,1,
1417,17,14,80,0,"[16000,5]",0,"[16000,25]",30,1,
1418,18,14,100,0,"[1001,10]",0,"[1001,50]",30,1,
1419,19,14,100,0,"[1002,500]",0,"[1002,2000]",30,1,
1420,20,14,100,0,"[1003,50]",0,"[1003,200]",30,1,
1421,21,14,100,0,"[2005,5]",0,"[2005,20]",30,1,
1422,22,14,120,0,"[42000,1]",0,"[42000,5]",30,1,
1423,23,14,120,0,"[1002,500]",4,[27226],30,0,
1424,24,14,120,0,"[1003,55]",0,"[11001,2]",30,1,
1425,25,14,200,0,"[1001,20]",0,"[1001,100]",30,1,
1426,26,14,-1,0,"[1003,100]",0,"[1003,600]",30,1,
1427,999,14,-1,0,[],5,[80],30,0,
1500,0,15,40,0,"[1003,10]",7,"[92023,1]",30,0,
1501,1,15,40,0,"[1003,15]",0,"[1003,50]",30,1,
1502,2,15,40,0,"[1002,200]",1,[1],30,0,
1503,3,15,40,0,"[1003,15]",0,"[1003,50]",30,1,
1504,4,15,50,0,"[2006,5]",0,"[15000,20]",30,1,
1505,5,15,50,0,"[1002,200]",2,[10],30,0,
1506,6,15,50,0,"[1003,15]",0,"[1003,50]",30,1,
1507,7,15,50,0,"[1002,200]",0,"[1002,1000]",30,1,
1508,8,15,60,0,"[2007,20]",0,"[2008,20]",30,1,
1509,9,15,60,0,"[1003,30]",0,"[11001,1]",30,1,
1510,10,15,60,0,"[1002,500]",3,[1],30,0,
1511,11,15,60,0,"[1001,10]",0,"[1001,50]",30,1,
1512,12,15,60,0,"[1003,50]",0,"[1003,200]",30,1,
1513,13,15,80,0,"[1002,500]",0,"[1002,2000]",30,1,
1514,14,15,80,0,"[2100,5]",0,"[2100,10]",30,1,
1515,15,15,80,0,"[1002,500]",6,[24033],30,0,
1516,16,15,80,0,"[1003,50]",0,"[1003,200]",30,1,
1517,17,15,80,0,"[16000,5]",0,"[16000,25]",30,1,
1518,18,15,100,0,"[1001,10]",0,"[1001,50]",30,1,
1519,19,15,100,0,"[1002,500]",0,"[1002,2000]",30,1,
1520,20,15,100,0,"[1003,50]",0,"[1003,200]",30,1,
1521,21,15,100,0,"[2005,5]",0,"[2005,20]",30,1,
1522,22,15,120,0,"[42000,1]",0,"[42000,5]",30,1,
1523,23,15,120,0,"[1002,500]",4,[27227],30,0,
1524,24,15,120,0,"[1003,55]",0,"[11001,2]",30,1,
1525,25,15,200,0,"[1001,20]",0,"[1001,100]",30,1,
1526,26,15,-1,0,"[1003,100]",0,"[1003,600]",30,1,
1527,999,15,-1,0,[],5,[80],30,0,
1600,0,16,40,0,"[1003,10]",7,"[92024,1]",30,0,
1601,1,16,40,0,"[1003,15]",0,"[1003,50]",30,1,
1602,2,16,40,0,"[1002,200]",1,[1],30,0,
1603,3,16,40,0,"[1003,15]",0,"[1003,50]",30,1,
1604,4,16,50,0,"[2006,5]",0,"[15000,20]",30,1,
1605,5,16,50,0,"[1002,200]",2,[10],30,0,
1606,6,16,50,0,"[1003,15]",0,"[1003,50]",30,1,
1607,7,16,50,0,"[1002,200]",0,"[1002,1000]",30,1,
1608,8,16,60,0,"[2007,20]",0,"[2008,20]",30,1,
1609,9,16,60,0,"[1003,30]",0,"[11001,1]",30,1,
1610,10,16,60,0,"[1002,500]",3,[1],30,0,
1611,11,16,60,0,"[1001,10]",0,"[1001,50]",30,1,
1612,12,16,60,0,"[1003,50]",0,"[1003,200]",30,1,
1613,13,16,80,0,"[1002,500]",0,"[1002,2000]",30,1,
1614,14,16,80,0,"[2100,5]",0,"[2100,10]",30,1,
1615,15,16,80,0,"[1002,500]",6,[24034],30,0,
1616,16,16,80,0,"[1003,50]",0,"[1003,200]",30,1,
1617,17,16,80,0,"[16000,5]",0,"[16000,25]",30,1,
1618,18,16,100,0,"[1001,10]",0,"[1001,50]",30,1,
1619,19,16,100,0,"[1002,500]",0,"[1002,2000]",30,1,
1620,20,16,100,0,"[1003,50]",0,"[1003,200]",30,1,
1621,21,16,100,0,"[2005,5]",0,"[2005,20]",30,1,
1622,22,16,120,0,"[42000,1]",0,"[42000,5]",30,1,
1623,23,16,120,0,"[1002,500]",4,[27201],30,0,
1624,24,16,120,0,"[1003,55]",0,"[11001,2]",30,1,
1625,25,16,200,0,"[1001,20]",0,"[1001,100]",30,1,
1626,26,16,-1,0,"[1003,100]",0,"[1003,600]",30,1,
1627,999,16,-1,0,[],5,[80],30,0,
1700,0,17,40,0,"[1003,10]",7,"[92025,1]",30,0,
1701,1,17,40,0,"[1003,15]",0,"[1003,50]",30,1,
1702,2,17,40,0,"[1002,200]",1,[1],30,0,
1703,3,17,40,0,"[1003,15]",0,"[1003,50]",30,1,
1704,4,17,50,0,"[2006,5]",0,"[15000,20]",30,1,
1705,5,17,50,0,"[1002,200]",2,[10],30,0,
1706,6,17,50,0,"[1003,15]",0,"[1003,50]",30,1,
1707,7,17,50,0,"[1002,200]",0,"[1002,1000]",30,1,
1708,8,17,60,0,"[2007,20]",0,"[2008,20]",30,1,
1709,9,17,60,0,"[1003,30]",0,"[11001,1]",30,1,
1710,10,17,60,0,"[1002,500]",3,[1],30,0,
1711,11,17,60,0,"[1001,10]",0,"[1001,50]",30,1,
1712,12,17,60,0,"[1003,50]",0,"[1003,200]",30,1,
1713,13,17,80,0,"[1002,500]",0,"[1002,2000]",30,1,
1714,14,17,80,0,"[2100,5]",0,"[2100,10]",30,1,
1715,15,17,80,0,"[1002,500]",6,[24035],30,0,
1716,16,17,80,0,"[1003,50]",0,"[1003,200]",30,1,
1717,17,17,80,0,"[16000,5]",0,"[16000,25]",30,1,
1718,18,17,100,0,"[1001,10]",0,"[1001,50]",30,1,
1719,19,17,100,0,"[1002,500]",0,"[1002,2000]",30,1,
1720,20,17,100,0,"[1003,50]",0,"[1003,200]",30,1,
1721,21,17,100,0,"[2005,5]",0,"[2005,20]",30,1,
1722,22,17,120,0,"[42000,1]",0,"[42000,5]",30,1,
1723,23,17,120,0,"[1002,500]",4,[27228],30,0,
1724,24,17,120,0,"[1003,55]",0,"[11001,2]",30,1,
1725,25,17,200,0,"[1001,20]",0,"[1001,100]",30,1,
1726,26,17,-1,0,"[1003,100]",0,"[1003,600]",30,1,
1727,999,17,-1,0,[],5,[80],30,0,
1800,0,18,40,0,"[1003,10]",7,"[92026,1]",30,0,
1801,1,18,40,0,"[1003,15]",0,"[1003,50]",30,1,
1802,2,18,40,0,"[1002,200]",1,[1],30,0,
1803,3,18,40,0,"[1003,15]",0,"[1003,50]",30,1,
1804,4,18,50,0,"[2006,5]",0,"[15000,20]",30,1,
1805,5,18,50,0,"[1002,200]",2,[10],30,0,
1806,6,18,50,0,"[1003,15]",0,"[1003,50]",30,1,
1807,7,18,50,0,"[1002,200]",0,"[1002,1000]",30,1,
1808,8,18,60,0,"[2007,20]",0,"[2008,20]",30,1,
1809,9,18,60,0,"[1003,30]",0,"[11001,1]",30,1,
1810,10,18,60,0,"[1002,500]",3,[1],30,0,
1811,11,18,60,0,"[1001,10]",0,"[1001,50]",30,1,
1812,12,18,60,0,"[1003,50]",0,"[1003,200]",30,1,
1813,13,18,80,0,"[1002,500]",0,"[1002,2000]",30,1,
1814,14,18,80,0,"[2100,5]",0,"[2100,10]",30,1,
1815,15,18,80,0,"[1002,500]",6,[24036],30,0,
1816,16,18,80,0,"[1003,50]",0,"[1003,200]",30,1,
1817,17,18,80,0,"[16000,5]",0,"[16000,25]",30,1,
1818,18,18,100,0,"[1001,10]",0,"[1001,50]",30,1,
1819,19,18,100,0,"[1002,500]",0,"[1002,2000]",30,1,
1820,20,18,100,0,"[1003,50]",0,"[1003,200]",30,1,
1821,21,18,100,0,"[2005,5]",0,"[2005,20]",30,1,
1822,22,18,120,0,"[42000,1]",0,"[42000,5]",30,1,
1823,23,18,120,0,"[1002,500]",8,"[60015,1]",30,0,
1824,24,18,120,0,"[1003,55]",0,"[11001,2]",30,1,
1825,25,18,200,0,"[1001,20]",0,"[1001,100]",30,1,
1826,26,18,-1,0,"[1003,100]",0,"[1003,600]",30,1,
1827,999,18,-1,0,[],5,[80],30,0,
1900,0,19,40,0,"[1003,10]",7,"[92027,1]",30,0,
1901,1,19,40,0,"[1003,15]",0,"[1003,50]",30,1,
1902,2,19,40,0,"[1002,200]",1,[1],30,0,
1903,3,19,40,0,"[1003,15]",0,"[1003,50]",30,1,
1904,4,19,50,0,"[2006,5]",0,"[15000,20]",30,1,
1905,5,19,50,0,"[1002,200]",2,[10],30,0,
1906,6,19,50,0,"[1003,15]",0,"[1003,50]",30,1,
1907,7,19,50,0,"[1002,200]",0,"[1002,1000]",30,1,
1908,8,19,60,0,"[2007,20]",0,"[2008,20]",30,1,
1909,9,19,60,0,"[1003,30]",0,"[11001,1]",30,1,
1910,10,19,60,0,"[1002,500]",3,[1],30,0,
1911,11,19,60,0,"[1001,10]",0,"[1001,50]",30,1,
1912,12,19,60,0,"[1003,50]",0,"[1003,200]",30,1,
1913,13,19,80,0,"[1002,500]",0,"[1002,2000]",30,1,
1914,14,19,80,0,"[2100,5]",0,"[2100,10]",30,1,
1915,15,19,80,0,"[1002,500]",6,[24037],30,0,
1916,16,19,80,0,"[1003,50]",0,"[1003,200]",30,1,
1917,17,19,80,0,"[16000,5]",0,"[16000,25]",30,1,
1918,18,19,100,0,"[1001,10]",0,"[1001,50]",30,1,
1919,19,19,100,0,"[1002,500]",0,"[1002,2000]",30,1,
1920,20,19,100,0,"[1003,50]",0,"[1003,200]",30,1,
1921,21,19,100,0,"[2005,5]",0,"[2005,20]",30,1,
1922,22,19,120,0,"[42000,1]",0,"[42000,5]",30,1,
1923,23,19,120,0,"[1002,500]",8,"[60015,1]",30,0,
1924,24,19,120,0,"[1003,55]",0,"[11001,2]",30,1,
1925,25,19,200,0,"[1001,20]",0,"[1001,100]",30,1,
1926,26,19,-1,0,"[1003,100]",0,"[1003,600]",30,1,
1927,999,19,-1,0,[],5,[80],30,0,
2000,0,20,40,0,"[1003,10]",7,"[92028,1]",30,0,
2001,1,20,40,0,"[1003,15]",0,"[1003,50]",30,1,
2002,2,20,40,0,"[1002,200]",1,[1],30,0,
2003,3,20,40,0,"[1003,15]",0,"[1003,50]",30,1,
2004,4,20,50,0,"[2006,5]",0,"[15000,20]",30,1,
2005,5,20,50,0,"[1002,200]",2,[10],30,0,
2006,6,20,50,0,"[1003,15]",0,"[1003,50]",30,1,
2007,7,20,50,0,"[1002,200]",0,"[1002,1000]",30,1,
2008,8,20,60,0,"[2007,20]",0,"[2008,20]",30,1,
2009,9,20,60,0,"[1003,30]",0,"[11001,1]",30,1,
2010,10,20,60,0,"[1002,500]",3,[1],30,0,
2011,11,20,60,0,"[1001,10]",0,"[1001,50]",30,1,
2012,12,20,60,0,"[1003,50]",0,"[1003,200]",30,1,
2013,13,20,80,0,"[1002,500]",0,"[1002,2000]",30,1,
2014,14,20,80,0,"[2100,5]",0,"[2100,10]",30,1,
2015,15,20,80,0,"[1002,500]",6,[24038],30,0,
2016,16,20,80,0,"[1003,50]",0,"[1003,200]",30,1,
2017,17,20,80,0,"[16000,5]",0,"[16000,25]",30,1,
2018,18,20,100,0,"[1001,10]",0,"[1001,50]",30,1,
2019,19,20,100,0,"[1002,500]",0,"[1002,2000]",30,1,
2020,20,20,100,0,"[1003,50]",0,"[1003,200]",30,1,
2021,21,20,100,0,"[2005,5]",0,"[2005,20]",30,1,
2022,22,20,120,0,"[42000,1]",0,"[42000,5]",30,1,
2023,23,20,120,0,"[1002,500]",8,"[60015,1]",30,0,
2024,24,20,120,0,"[1003,55]",0,"[11001,2]",30,1,
2025,25,20,200,0,"[1001,20]",0,"[1001,100]",30,1,
2026,26,20,-1,0,"[1003,100]",0,"[1003,600]",30,1,
2027,999,20,-1,0,[],5,[80],30,0,
2100,0,21,40,0,"[1003,10]",7,"[92029,1]",30,0,
2101,1,21,40,0,"[1003,15]",0,"[1003,50]",30,1,
2102,2,21,40,0,"[1002,200]",1,[1],30,0,
2103,3,21,40,0,"[1003,15]",0,"[1003,50]",30,1,
2104,4,21,50,0,"[2006,5]",0,"[15000,20]",30,1,
2105,5,21,50,0,"[1002,200]",2,[10],30,0,
2106,6,21,50,0,"[1003,15]",0,"[1003,50]",30,1,
2107,7,21,50,0,"[1002,200]",0,"[1002,1000]",30,1,
2108,8,21,60,0,"[2007,20]",0,"[2008,20]",30,1,
2109,9,21,60,0,"[1003,30]",0,"[11001,1]",30,1,
2110,10,21,60,0,"[1002,500]",3,[1],30,0,
2111,11,21,60,0,"[1001,10]",0,"[1001,50]",30,1,
2112,12,21,60,0,"[1003,50]",0,"[1003,200]",30,1,
2113,13,21,80,0,"[1002,500]",0,"[1002,2000]",30,1,
2114,14,21,80,0,"[2100,5]",0,"[2100,10]",30,1,
2115,15,21,80,0,"[1002,500]",6,[24039],30,0,
2116,16,21,80,0,"[1003,50]",0,"[1003,200]",30,1,
2117,17,21,80,0,"[16000,5]",0,"[16000,25]",30,1,
2118,18,21,100,0,"[1001,10]",0,"[1001,50]",30,1,
2119,19,21,100,0,"[1002,500]",0,"[1002,2000]",30,1,
2120,20,21,100,0,"[1003,50]",0,"[1003,200]",30,1,
2121,21,21,100,0,"[2005,5]",0,"[2005,20]",30,1,
2122,22,21,120,0,"[42000,1]",0,"[42000,5]",30,1,
2123,23,21,120,0,"[1002,500]",8,"[60015,1]",30,0,
2124,24,21,120,0,"[1003,55]",0,"[11001,2]",30,1,
2125,25,21,200,0,"[1001,20]",0,"[1001,100]",30,1,
2126,26,21,-1,0,"[1003,100]",0,"[1003,600]",30,1,
2127,999,21,-1,0,[],5,[80],30,0,
