id,type,star,upperlevel,upthepower,productNum,expNum,skillid,item,produceTimeReduce,
1,101,1,5,0,0,0,"[1300,1350,1400]","[[81001,5]]",0.02,
2,101,2,7,6,3,1,,"[[81001,10]]",0.03,
3,101,3,9,12,6,2,,"[[81001,15]]",0.04,
4,101,4,10,18,9,3,,"[[81001,20]]",0.05,
5,101,5,12,24,12,4,,"[[81001,25]]",0.06,
6,101,6,0,30,15,5,[9],[],0.07,
7,102,1,5,0,0,0,"[1300,1350,1400]","[[81002,5]]",0.02,
8,102,2,7,6,3,1,,"[[81002,10]]",0.03,
9,102,3,9,12,6,2,,"[[81002,15]]",0.04,
10,102,4,10,18,9,3,,"[[81002,20]]",0.05,
11,102,5,12,24,12,4,,"[[81002,25]]",0.06,
12,102,6,0,30,15,5,[9],[],0.07,
13,103,1,5,0,0,0,"[1300,1350,1400]","[[81003,5]]",0.02,
14,103,2,7,6,3,1,,"[[81003,10]]",0.03,
15,103,3,9,12,6,2,,"[[81003,15]]",0.04,
16,103,4,10,18,9,3,,"[[81003,20]]",0.05,
17,103,5,12,24,12,4,,"[[81003,25]]",0.06,
18,103,6,0,30,15,5,[9],[],0.07,
19,104,1,5,0,0,0,"[1300,1350,1400]","[[81004,5]]",0.02,
20,104,2,7,6,3,1,,"[[81004,10]]",0.03,
21,104,3,9,12,6,2,,"[[81004,15]]",0.04,
22,104,4,10,18,9,3,,"[[81004,20]]",0.05,
23,104,5,12,24,12,4,,"[[81004,25]]",0.06,
24,104,6,0,30,15,5,[9],[],0.07,
25,105,1,5,0,0,0,"[1300,1350,1400]","[[81005,5]]",0.02,
26,105,2,7,6,3,1,,"[[81005,10]]",0.03,
27,105,3,9,12,6,2,,"[[81005,15]]",0.04,
28,105,4,10,18,9,3,,"[[81005,20]]",0.05,
29,105,5,12,24,12,4,,"[[81005,25]]",0.06,
30,105,6,0,30,15,5,[9],[],0.07,
31,106,1,5,0,0,0,"[1300,1350,1400]","[[81006,5]]",0.02,
32,106,2,7,6,3,1,,"[[81006,10]]",0.03,
33,106,3,9,12,6,2,,"[[81006,15]]",0.04,
34,106,4,10,18,9,3,,"[[81006,20]]",0.05,
35,106,5,12,24,12,4,,"[[81006,25]]",0.06,
36,106,6,0,30,15,5,[9],[],0.07,
37,107,1,5,0,0,0,"[1300,1350,1400]","[[81007,5]]",0.02,
38,107,2,7,6,3,1,,"[[81007,10]]",0.03,
39,107,3,9,12,6,2,,"[[81007,15]]",0.04,
40,107,4,10,18,9,3,,"[[81007,20]]",0.05,
41,107,5,12,24,12,4,,"[[81007,25]]",0.06,
42,107,6,0,30,15,5,[9],[],0.07,
43,108,1,5,0,0,0,"[1300,1350,1400]","[[81008,5]]",0.02,
44,108,2,7,6,3,1,,"[[81008,10]]",0.03,
45,108,3,9,12,6,2,,"[[81008,15]]",0.04,
46,108,4,10,18,9,3,,"[[81008,20]]",0.05,
47,108,5,12,24,12,4,,"[[81008,25]]",0.06,
48,108,6,0,30,15,5,[9],[],0.07,
49,109,1,5,0,0,0,"[1300,1350,1400]","[[81009,5]]",0.02,
50,109,2,7,6,3,1,,"[[81009,10]]",0.03,
51,109,3,9,12,6,2,,"[[81009,15]]",0.04,
52,109,4,10,18,9,3,,"[[81009,20]]",0.05,
53,109,5,12,24,12,4,,"[[81009,25]]",0.06,
54,109,6,0,30,15,5,[9],[],0.07,
55,110,1,5,0,0,0,"[1300,1350,1400]","[[81010,5]]",0.02,
56,110,2,7,6,3,1,,"[[81010,10]]",0.03,
57,110,3,9,12,6,2,,"[[81010,15]]",0.04,
58,110,4,10,18,9,3,,"[[81010,20]]",0.05,
59,110,5,12,24,12,4,,"[[81010,25]]",0.06,
60,110,6,0,30,15,5,[9],[],0.07,
163,112,1,5,0,0,0,"[1300,1350,1400]","[[81012,5]]",0.02,
164,112,2,7,6,3,1,,"[[81012,10]]",0.03,
165,112,3,9,12,6,2,,"[[81012,15]]",0.04,
166,112,4,10,18,9,3,,"[[81012,20]]",0.05,
167,112,5,12,24,12,4,,"[[81012,25]]",0.06,
168,112,6,0,30,15,5,[9],[],0.07,
113001,113,1,5,0,0,0,"[1300,1350,1400]","[[81013,5]]",0.02,
113002,113,2,7,6,3,1,,"[[81013,10]]",0.03,
113003,113,3,9,12,6,2,,"[[81013,15]]",0.04,
113004,113,4,10,18,9,3,,"[[81013,20]]",0.05,
113005,113,5,12,24,12,4,,"[[81013,25]]",0.06,
113006,113,6,0,30,15,5,[9],[],0.07,
114001,114,1,5,0,0,0,"[1300,1350,1400]","[[81014,5]]",0.02,
114002,114,2,7,6,3,1,,"[[81014,10]]",0.03,
114003,114,3,9,12,6,2,,"[[81014,15]]",0.04,
114004,114,4,10,18,9,3,,"[[81014,20]]",0.05,
114005,114,5,12,24,12,4,,"[[81014,25]]",0.06,
114006,114,6,0,30,15,5,[9],[],0.07,
115001,115,1,5,0,0,0,"[1300,1350,1400]","[[81015,5]]",0.02,
115002,115,2,7,6,3,1,,"[[81015,10]]",0.03,
115003,115,3,9,12,6,2,,"[[81015,15]]",0.04,
115004,115,4,10,18,9,3,,"[[81015,20]]",0.05,
115005,115,5,12,24,12,4,,"[[81015,25]]",0.06,
115006,115,6,0,30,15,5,[9],[],0.07,
116001,116,1,5,0,0,0,"[1300,1350,1400]","[[81016,5]]",0.02,
116002,116,2,7,6,3,1,,"[[81016,10]]",0.03,
116003,116,3,9,12,6,2,,"[[81016,15]]",0.04,
116004,116,4,10,18,9,3,,"[[81016,20]]",0.05,
116005,116,5,12,24,12,4,,"[[81016,25]]",0.06,
116006,116,6,0,30,15,5,[9],[],0.07,
117001,117,1,5,0,0,0,"[1300,1350,1400]","[[81017,5]]",0.02,
117002,117,2,7,6,3,1,,"[[81017,10]]",0.03,
117003,117,3,9,12,6,2,,"[[81017,15]]",0.04,
117004,117,4,10,18,9,3,,"[[81017,20]]",0.05,
117005,117,5,12,24,12,4,,"[[81017,25]]",0.06,
117006,117,6,0,30,15,5,[9],[],0.07,
118001,118,1,5,0,0,0,"[1300,1350,1400]","[[81018,5]]",0.02,
118002,118,2,7,6,3,1,,"[[81018,10]]",0.03,
118003,118,3,9,12,6,2,,"[[81018,15]]",0.04,
118004,118,4,10,18,9,3,,"[[81018,20]]",0.05,
118005,118,5,12,24,12,4,,"[[81018,25]]",0.06,
118006,118,6,0,30,15,5,[9],[],0.07,
119001,119,1,5,0,0,0,"[1300,1350,1400]","[[81019,5]]",0.02,
119002,119,2,7,6,3,1,,"[[81019,10]]",0.03,
119003,119,3,9,12,6,2,,"[[81019,15]]",0.04,
119004,119,4,10,18,9,3,,"[[81019,20]]",0.05,
119005,119,5,12,24,12,4,,"[[81019,25]]",0.06,
119006,119,6,0,30,15,5,[9],[],0.07,
120001,120,1,5,0,0,0,"[1300,1350,1400]","[[81020,5]]",0.02,
120002,120,2,7,6,3,1,,"[[81020,10]]",0.03,
120003,120,3,9,12,6,2,,"[[81020,15]]",0.04,
120004,120,4,10,18,9,3,,"[[81020,20]]",0.05,
120005,120,5,12,24,12,4,,"[[81020,25]]",0.06,
120006,120,6,0,30,15,5,[9],[],0.07,
61,111,1,2,0,0,0,"[1300,1350,1400]","[[81011,10]]",0.1,
62,111,2,4,8,3,10,,"[[81011,20]]",0.12,
63,111,3,6,16,6,20,,"[[81011,30]]",0.14,
64,111,4,8,24,9,30,[10],"[[81011,40]]",0.16,
65,111,5,10,32,12,40,[10],"[[81011,50]]",0.18,
66,111,6,0,40,15,50,[11],[],0.2,
67,201,1,2,0,0,0,"[1300,1350,1400]","[[82001,10]]",0.1,
68,201,2,4,8,3,10,,"[[82001,20]]",0.12,
69,201,3,6,16,6,20,,"[[82001,30]]",0.14,
70,201,4,8,24,9,30,[10],"[[82001,40]]",0.16,
71,201,5,10,32,12,40,[10],"[[82001,50]]",0.18,
72,201,6,0,40,15,50,[11],[],0.2,
73,202,1,2,0,0,0,"[1300,1350,1400]","[[82002,10]]",0.1,
74,202,2,4,8,3,10,,"[[82002,20]]",0.12,
75,202,3,6,16,6,20,,"[[82002,30]]",0.14,
76,202,4,8,24,9,30,[10],"[[82002,40]]",0.16,
77,202,5,10,32,12,40,[10],"[[82002,50]]",0.18,
78,202,6,0,40,15,50,[11],[],0.2,
79,203,1,2,0,0,0,"[1300,1350,1400]","[[82003,10]]",0.1,
80,203,2,4,8,3,10,,"[[82003,20]]",0.12,
81,203,3,6,16,6,20,,"[[82003,30]]",0.14,
82,203,4,8,24,9,30,[10],"[[82003,40]]",0.16,
83,203,5,10,32,12,40,[10],"[[82003,50]]",0.18,
84,203,6,0,40,15,50,[11],[],0.2,
85,204,1,2,0,0,0,"[1300,1350,1400]","[[82004,10]]",0.1,
86,204,2,4,8,3,10,,"[[82004,20]]",0.12,
87,204,3,6,16,6,20,,"[[82004,30]]",0.14,
88,204,4,8,24,9,30,[10],"[[82004,40]]",0.16,
89,204,5,10,32,12,40,[10],"[[82004,50]]",0.18,
90,204,6,0,40,15,50,[11],[],0.2,
91,205,1,2,0,0,0,"[1300,1350,1400]","[[82005,10]]",0.1,
92,205,2,4,8,3,10,,"[[82005,20]]",0.12,
93,205,3,6,16,6,20,,"[[82005,30]]",0.14,
94,205,4,8,24,9,30,[10],"[[82005,40]]",0.16,
95,205,5,10,32,12,40,[10],"[[82005,50]]",0.18,
96,205,6,0,40,15,50,[11],[],0.2,
97,206,1,2,0,0,0,"[1300,1350,1400]","[[82006,10]]",0.1,
98,206,2,4,8,3,10,,"[[82006,20]]",0.12,
99,206,3,6,16,6,20,,"[[82006,30]]",0.14,
100,206,4,8,24,9,30,[10],"[[82006,40]]",0.16,
101,206,5,10,32,12,40,[10],"[[82006,50]]",0.18,
102,206,6,0,40,15,50,[11],[],0.2,
103,207,1,2,0,0,0,"[1300,1350,1400]","[[82007,10]]",0.1,
104,207,2,4,8,3,10,,"[[82007,20]]",0.12,
105,207,3,6,16,6,20,,"[[82007,30]]",0.14,
106,207,4,8,24,9,30,[10],"[[82007,40]]",0.16,
107,207,5,10,32,12,40,[10],"[[82007,50]]",0.18,
108,207,6,0,40,15,50,[11],[],0.2,
208001,208,1,2,0,0,0,"[1300,1350,1400]","[[82008,10]]",0.1,
208002,208,2,4,8,3,10,,"[[82008,20]]",0.12,
208003,208,3,6,16,6,20,,"[[82008,30]]",0.14,
208004,208,4,8,24,9,30,[10],"[[82008,40]]",0.16,
208005,208,5,10,32,12,40,[10],"[[82008,50]]",0.18,
208006,208,6,0,40,15,50,[11],[],0.2,
209001,209,1,2,0,0,0,"[1300,1350,1400]","[[82009,10]]",0.1,
209002,209,2,4,8,3,10,,"[[82009,20]]",0.12,
209003,209,3,6,16,6,20,,"[[82009,30]]",0.14,
209004,209,4,8,24,9,30,[10],"[[82009,40]]",0.16,
209005,209,5,10,32,12,40,[10],"[[82009,50]]",0.18,
209006,209,6,0,40,15,50,[11],[],0.2,
210001,210,1,2,0,0,0,"[1300,1350,1400]","[[82010,10]]",0.1,
210002,210,2,4,8,3,10,,"[[82010,20]]",0.12,
210003,210,3,6,16,6,20,,"[[82010,30]]",0.14,
210004,210,4,8,24,9,30,[10],"[[82010,40]]",0.16,
210005,210,5,10,32,12,40,[10],"[[82010,50]]",0.18,
210006,210,6,0,40,15,50,[11],[],0.2,
109,301,1,2,0,0,0,"[1300,1350,1400]","[[83001,15]]",0.2,
110,301,2,4,13,3,50,,"[[83001,30]]",0.23,
111,301,3,6,26,6,100,[12],"[[83001,45]]",0.26,
112,301,4,8,39,9,150,[13],"[[83001,60]]",0.29,
113,301,5,10,52,12,200,[13],"[[83001,75]]",0.32,
114,301,6,0,65,15,250,[14],[],0.35,
115,302,1,2,0,0,0,"[1300,1350,1400]","[[83002,15]]",0.2,
116,302,2,4,13,3,50,,"[[83002,30]]",0.23,
117,302,3,6,26,6,100,[12],"[[83002,45]]",0.26,
118,302,4,8,39,9,150,[13],"[[83002,60]]",0.29,
119,302,5,10,52,12,200,[13],"[[83002,75]]",0.32,
120,302,6,0,65,15,250,[14],[],0.35,
121,303,1,2,0,0,0,"[1300,1350,1400]","[[83003,15]]",0.2,
122,303,2,4,13,3,50,,"[[83003,30]]",0.23,
123,303,3,6,26,6,100,[12],"[[83003,45]]",0.26,
124,303,4,8,39,9,150,[13],"[[83003,60]]",0.29,
125,303,5,10,52,12,200,[13],"[[83003,75]]",0.32,
126,303,6,0,65,15,250,[14],[],0.35,
151,304,1,2,0,0,0,"[1300,1350,1400]","[[83004,15]]",0.2,
152,304,2,4,13,2,50,,"[[83004,30]]",0.23,
153,304,3,6,26,4,100,[12],"[[83004,45]]",0.26,
154,304,4,8,39,6,150,[13],"[[83004,60]]",0.29,
155,304,5,10,52,8,200,[13],"[[83004,75]]",0.32,
156,304,6,0,65,10,250,[14],[],0.35,
305001,305,1,2,0,0,0,"[1300,1350,1400]","[[83005,15]]",0.2,
305002,305,2,4,13,3,50,,"[[83005,30]]",0.23,
305003,305,3,6,26,6,100,[12],"[[83005,45]]",0.26,
305004,305,4,8,39,9,150,[13],"[[83005,60]]",0.29,
305005,305,5,10,52,12,200,[13],"[[83005,75]]",0.32,
305006,305,6,0,65,15,250,[14],[],0.35,
306001,306,1,2,0,0,0,"[1300,1350,1400]","[[83006,15]]",0.2,
306002,306,2,4,13,3,50,,"[[83006,30]]",0.23,
306003,306,3,6,26,6,100,[12],"[[83006,45]]",0.26,
306004,306,4,8,39,9,150,[13],"[[83006,60]]",0.29,
306005,306,5,10,52,12,200,[13],"[[83006,75]]",0.32,
306006,306,6,0,65,15,250,[14],[],0.35,
307001,307,1,2,0,0,0,"[1300,1350,1400]","[[83007,15]]",0.2,
307002,307,2,4,13,3,50,,"[[83007,30]]",0.23,
307003,307,3,6,26,6,100,[12],"[[83007,45]]",0.26,
307004,307,4,8,39,9,150,[13],"[[83007,60]]",0.29,
307005,307,5,10,52,12,200,[13],"[[83007,75]]",0.32,
307006,307,6,0,65,15,250,[14],[],0.35,
308001,308,1,2,0,0,0,"[1300,1350,1400]","[[83008,15]]",0.2,
308002,308,2,4,13,3,50,,"[[83008,30]]",0.23,
308003,308,3,6,26,6,100,[12],"[[83008,45]]",0.26,
308004,308,4,8,39,9,150,[13],"[[83008,60]]",0.29,
308005,308,5,10,52,12,200,[13],"[[83008,75]]",0.32,
308006,308,6,0,65,15,250,[14],[],0.35,
309001,309,1,2,0,0,0,"[1300,1350,1400]","[[83009,15]]",0.2,
309002,309,2,4,13,3,50,,"[[83009,30]]",0.23,
309003,309,3,6,26,6,100,[12],"[[83009,45]]",0.26,
309004,309,4,8,39,9,150,[13],"[[83009,60]]",0.29,
309005,309,5,10,52,12,200,[13],"[[83009,75]]",0.32,
309006,309,6,0,65,15,250,[14],[],0.35,
310001,310,1,2,0,0,0,"[1300,1350,1400]","[[83010,15]]",0.2,
310002,310,2,4,13,3,50,,"[[83010,30]]",0.23,
310003,310,3,6,26,6,100,[12],"[[83010,45]]",0.26,
310004,310,4,8,39,9,150,[13],"[[83010,60]]",0.29,
310005,310,5,10,52,12,200,[13],"[[83010,75]]",0.32,
310006,310,6,0,65,15,250,[14],[],0.35,
311001,311,1,2,0,0,0,"[1300,1350,1400]","[[83011,15]]",0.2,
311002,311,2,4,13,3,50,,"[[83011,30]]",0.23,
311003,311,3,6,26,6,100,[12],"[[83011,45]]",0.26,
311004,311,4,8,39,9,150,[13],"[[83011,60]]",0.29,
311005,311,5,10,52,12,200,[13],"[[83011,75]]",0.32,
311006,311,6,0,65,15,250,[14],[],0.35,
312001,312,1,2,0,0,0,"[1300,1350,1400]","[[83012,15]]",0.2,
312002,312,2,4,13,3,50,,"[[83012,30]]",0.23,
312003,312,3,6,26,6,100,[12],"[[83012,45]]",0.26,
312004,312,4,8,39,9,150,[13],"[[83012,60]]",0.29,
312005,312,5,10,52,12,200,[13],"[[83012,75]]",0.32,
312006,312,6,0,65,15,250,[14],[],0.35,
313001,313,1,2,0,0,0,"[1300,1350,1400]","[[83013,15]]",0.2,
313002,313,2,4,13,3,50,,"[[83013,30]]",0.23,
313003,313,3,6,26,6,100,[12],"[[83013,45]]",0.26,
313004,313,4,8,39,9,150,[13],"[[83013,60]]",0.29,
313005,313,5,10,52,12,200,[13],"[[83013,75]]",0.32,
313006,313,6,0,65,15,250,[14],[],0.35,
314001,314,1,2,0,0,0,"[1300,1350,1400]","[[83014,15]]",0.2,
314002,314,2,4,13,3,50,,"[[83014,30]]",0.23,
314003,314,3,6,26,6,100,[12],"[[83014,45]]",0.26,
314004,314,4,8,39,9,150,[13],"[[83014,60]]",0.29,
314005,314,5,10,52,12,200,[13],"[[83014,75]]",0.32,
314006,314,6,0,65,15,250,[14],[],0.35,
315001,315,1,2,0,0,0,"[1300,1350,1400]","[[83015,15]]",0.2,
315002,315,2,4,13,3,50,,"[[83015,30]]",0.23,
315003,315,3,6,26,6,100,[12],"[[83015,45]]",0.26,
315004,315,4,8,39,9,150,[13],"[[83015,60]]",0.29,
315005,315,5,10,52,12,200,[13],"[[83015,75]]",0.32,
315006,315,6,0,65,15,250,[14],[],0.35,
316001,316,1,2,0,0,0,"[1300,1350,1400]","[[83016,15]]",0.2,
316002,316,2,4,13,1,50,,"[[83016,30]]",0.23,
316003,316,3,6,26,2,100,[12],"[[83016,45]]",0.26,
316004,316,4,8,39,3,150,[13],"[[83016,60]]",0.29,
316005,316,5,10,52,4,200,[13],"[[83016,75]]",0.32,
316006,316,6,0,65,5,250,[14],[],0.35,
317001,317,1,2,0,0,0,"[1300,1350,1400]","[[83017,15]]",0.2,
317002,317,2,4,13,5,50,,"[[83017,30]]",0.23,
317003,317,3,6,26,10,100,[12],"[[83017,45]]",0.26,
317004,317,4,8,39,15,150,[13],"[[83017,60]]",0.29,
317005,317,5,10,52,20,200,[13],"[[83017,75]]",0.32,
317006,317,6,0,65,25,250,[14],[],0.35,
318001,318,1,2,0,0,0,"[1300,1350,1400]","[[83018,15]]",0.2,
318002,318,2,4,13,1,50,,"[[83018,30]]",0.23,
318003,318,3,6,26,2,100,[12],"[[83018,45]]",0.26,
318004,318,4,8,39,3,150,[13],"[[83018,60]]",0.29,
318005,318,5,10,52,4,200,[13],"[[83018,75]]",0.32,
318006,318,6,0,65,5,250,[14],[],0.35,
319001,319,1,2,0,0,0,"[1300,1350,1400]","[[83019,15]]",0.2,
319002,319,2,4,13,3,50,,"[[83019,30]]",0.23,
319003,319,3,6,26,6,100,[12],"[[83019,45]]",0.26,
319004,319,4,8,39,9,150,[13],"[[83019,60]]",0.29,
319005,319,5,10,52,12,200,[13],"[[83019,75]]",0.32,
319006,319,6,0,65,15,250,[14],[],0.35,
320001,320,1,2,0,0,0,"[1300,1350,1400]","[[83020,15]]",0.2,
320002,320,2,4,13,3,50,,"[[83020,30]]",0.23,
320003,320,3,6,26,6,100,[12],"[[83020,45]]",0.26,
320004,320,4,8,39,9,150,[13],"[[83020,60]]",0.29,
320005,320,5,10,52,12,200,[13],"[[83020,75]]",0.32,
320006,320,6,0,65,15,250,[14],[],0.35,
321001,321,1,2,0,0,0,"[1300,1350,1400]","[[83021,15]]",0.2,
321002,321,2,4,13,3,50,,"[[83021,30]]",0.23,
321003,321,3,6,26,6,100,[12],"[[83021,45]]",0.26,
321004,321,4,8,39,9,150,[13],"[[83021,60]]",0.29,
321005,321,5,10,52,12,200,[13],"[[83021,75]]",0.32,
321006,321,6,0,65,15,250,[14],[],0.35,
322001,322,1,2,0,0,0,"[1300,1350,1400]","[[83022,15]]",0.2,
322002,322,2,4,13,3,50,,"[[83022,30]]",0.23,
322003,322,3,6,26,6,100,[12],"[[83022,45]]",0.26,
322004,322,4,8,39,9,150,[13],"[[83022,60]]",0.29,
322005,322,5,10,52,12,200,[13],"[[83022,75]]",0.32,
322006,322,6,0,65,15,250,[14],[],0.35,
323001,323,1,2,0,0,0,"[1300,1350,1400]","[[83023,15]]",0.2,
323002,323,2,4,13,3,50,,"[[83023,30]]",0.23,
323003,323,3,6,26,6,100,[12],"[[83023,45]]",0.26,
323004,323,4,8,39,9,150,[13],"[[83023,60]]",0.29,
323005,323,5,10,52,12,200,[13],"[[83023,75]]",0.32,
323006,323,6,0,65,15,250,[14],[],0.35,
324001,324,1,2,0,0,0,"[1300,1350,1400]","[[83024,15]]",0.2,
324002,324,2,4,13,3,50,,"[[83024,30]]",0.23,
324003,324,3,6,26,6,100,[12],"[[83024,45]]",0.26,
324004,324,4,8,39,9,150,[13],"[[83024,60]]",0.29,
324005,324,5,10,52,12,200,[13],"[[83024,75]]",0.32,
324006,324,6,0,65,15,250,[14],[],0.35,
325001,325,1,2,0,0,0,"[1300,1350,1400]","[[83025,15]]",0.2,
325002,325,2,4,13,3,50,,"[[83025,30]]",0.23,
325003,325,3,6,26,6,100,[12],"[[83025,45]]",0.26,
325004,325,4,8,39,9,150,[13],"[[83025,60]]",0.29,
325005,325,5,10,52,12,200,[13],"[[83025,75]]",0.32,
325006,325,6,0,65,15,250,[14],[],0.35,
326001,326,1,2,0,0,0,"[1300,1350,1400]","[[83026,15]]",0.2,
326002,326,2,4,13,3,50,,"[[83026,30]]",0.23,
326003,326,3,6,26,6,100,[12],"[[83026,45]]",0.26,
326004,326,4,8,39,9,150,[13],"[[83026,60]]",0.29,
326005,326,5,10,52,12,200,[13],"[[83026,75]]",0.32,
326006,326,6,0,65,15,250,[14],[],0.35,
327001,327,1,2,0,0,0,"[1300,1350,1400]","[[83027,15]]",0.2,
327002,327,2,4,13,3,50,,"[[83027,30]]",0.23,
327003,327,3,6,26,6,100,[12],"[[83027,45]]",0.26,
327004,327,4,8,39,9,150,[13],"[[83027,60]]",0.29,
327005,327,5,10,52,12,200,[13],"[[83027,75]]",0.32,
327006,327,6,0,65,15,250,[14],[],0.35,
328001,328,1,2,0,0,0,"[1300,1350,1400]","[[83028,15]]",0.2,
328002,328,2,4,13,3,50,,"[[83028,30]]",0.23,
328003,328,3,6,26,6,100,[12],"[[83028,45]]",0.26,
328004,328,4,8,39,9,150,[13],"[[83028,60]]",0.29,
328005,328,5,10,52,12,200,[13],"[[83028,75]]",0.32,
328006,328,6,0,65,15,250,[14],[],0.35,
329001,329,1,2,0,0,0,"[1300,1350,1400]","[[83029,15]]",0.2,
329002,329,2,4,13,3,50,,"[[83029,30]]",0.23,
329003,329,3,6,26,6,100,[12],"[[83029,45]]",0.26,
329004,329,4,8,39,9,150,[13],"[[83029,60]]",0.29,
329005,329,5,10,52,12,200,[13],"[[83029,75]]",0.32,
329006,329,6,0,65,15,250,[14],[],0.35,
330001,330,1,2,0,0,0,"[1300,1350,1400]","[[83030,15]]",0.2,
330002,330,2,4,13,3,50,,"[[83030,30]]",0.23,
330003,330,3,6,26,6,100,[12],"[[83030,45]]",0.26,
330004,330,4,8,39,9,150,[13],"[[83030,60]]",0.29,
330005,330,5,10,52,12,200,[13],"[[83030,75]]",0.32,
330006,330,6,0,65,15,250,[14],[],0.35,
331001,331,1,2,0,0,0,"[1300,1350,1400]","[[83031,15]]",0.2,
331002,331,2,4,13,3,50,,"[[83031,30]]",0.23,
331003,331,3,6,26,6,100,[12],"[[83031,45]]",0.26,
331004,331,4,8,39,9,150,[13],"[[83031,60]]",0.29,
331005,331,5,10,52,12,200,[13],"[[83031,75]]",0.32,
331006,331,6,0,65,15,250,[14],[],0.35,
332001,332,1,2,0,0,0,"[1300,1350,1400]","[[83032,15]]",0.2,
332002,332,2,4,13,3,50,,"[[83032,30]]",0.23,
332003,332,3,6,26,6,100,[12],"[[83032,45]]",0.26,
332004,332,4,8,39,9,150,[13],"[[83032,60]]",0.29,
332005,332,5,10,52,12,200,[13],"[[83032,75]]",0.32,
332006,332,6,0,65,15,250,[14],[],0.35,
333001,333,1,2,0,0,0,"[1300,1350,1400]","[[83033,15]]",0.2,
333002,333,2,4,13,3,50,,"[[83033,30]]",0.23,
333003,333,3,6,26,6,100,[12],"[[83033,45]]",0.26,
333004,333,4,8,39,9,150,[13],"[[83033,60]]",0.29,
333005,333,5,10,52,12,200,[13],"[[83033,75]]",0.32,
333006,333,6,0,65,15,250,[14],[],0.35,
334001,334,1,2,0,0,0,"[1300,1350,1400]","[[83034,15]]",0.2,
334002,334,2,4,13,3,50,,"[[83034,30]]",0.23,
334003,334,3,6,26,6,100,[12],"[[83034,45]]",0.26,
334004,334,4,8,39,9,150,[13],"[[83034,60]]",0.29,
334005,334,5,10,52,12,200,[13],"[[83034,75]]",0.32,
334006,334,6,0,65,15,250,[14],[],0.35,
335001,335,1,2,0,0,0,"[1300,1350,1400]","[[83035,15]]",0.2,
335002,335,2,4,13,1,50,,"[[83035,30]]",0.23,
335003,335,3,6,26,2,100,[12],"[[83035,45]]",0.26,
335004,335,4,8,39,3,150,[13],"[[83035,60]]",0.29,
335005,335,5,10,52,4,200,[13],"[[83035,75]]",0.32,
335006,335,6,0,65,5,250,[14],[],0.35,
336001,336,1,2,0,0,0,"[1300,1350,1400]","[[83036,15]]",0.2,
336002,336,2,4,13,5,50,,"[[83036,30]]",0.23,
336003,336,3,6,26,10,100,[12],"[[83036,45]]",0.26,
336004,336,4,8,39,15,150,[13],"[[83036,60]]",0.29,
336005,336,5,10,52,20,200,[13],"[[83036,75]]",0.32,
336006,336,6,0,65,25,250,[14],[],0.35,
337001,337,1,2,0,0,0,"[1300,1350,1400]","[[83037,15]]",0.2,
337002,337,2,4,13,1,50,,"[[83037,30]]",0.23,
337003,337,3,6,26,2,100,[12],"[[83037,45]]",0.26,
337004,337,4,8,39,3,150,[13],"[[83037,60]]",0.29,
337005,337,5,10,52,4,200,[13],"[[83037,75]]",0.32,
337006,337,6,0,65,5,250,[14],[],0.35,
338001,338,1,2,0,0,0,"[1300,1350,1400]","[[83038,15]]",0.2,
338002,338,2,4,13,1,50,,"[[83038,30]]",0.23,
338003,338,3,6,26,2,100,[12],"[[83038,45]]",0.26,
338004,338,4,8,39,3,150,[13],"[[83038,60]]",0.29,
338005,338,5,10,52,4,200,[13],"[[83038,75]]",0.32,
338006,338,6,0,65,5,250,[14],[],0.35,
339001,339,1,2,0,0,0,"[1300,1350,1400]","[[83039,15]]",0.2,
339002,339,2,4,13,1,50,,"[[83039,30]]",0.23,
339003,339,3,6,26,2,100,[12],"[[83039,45]]",0.26,
339004,339,4,8,39,3,150,[13],"[[83039,60]]",0.29,
339005,339,5,10,52,4,200,[13],"[[83039,75]]",0.32,
339006,339,6,0,65,5,250,[14],[],0.35,
340001,340,1,2,0,0,0,"[1300,1350,1400]","[[83040,15]]",0.2,
340002,340,2,4,13,10,50,,"[[83040,30]]",0.23,
340003,340,3,6,26,20,100,[12],"[[83040,45]]",0.26,
340004,340,4,8,39,30,150,[13],"[[83040,60]]",0.29,
340005,340,5,10,52,40,200,[13],"[[83040,75]]",0.32,
340006,340,6,0,65,50,250,[14],[],0.35,
341001,341,1,2,0,0,0,"[1300,1350,1400]","[[83041,15]]",0.2,
341002,341,2,4,13,3,50,,"[[83041,30]]",0.23,
341003,341,3,6,26,6,100,[12],"[[83041,45]]",0.26,
341004,341,4,8,39,9,150,[13],"[[83041,60]]",0.29,
341005,341,5,10,52,12,200,[13],"[[83041,75]]",0.32,
341006,341,6,0,65,15,250,[14],[],0.35,
127,401,1,2,0,0,0,"[1300,1350,1400,1]","[[84001,20]]",0.4,
128,401,2,4,30,40,200,[1],"[[84001,40]]",0.43,
129,401,3,6,60,80,400,"[15,2]","[[84001,60]]",0.46,
130,401,4,8,90,120,600,"[16,2]","[[84001,80]]",0.49,
131,401,5,10,120,160,800,"[17,3]","[[84001,100]]",0.52,
132,401,6,0,150,200,1000,"[18,4]",[],0.55,
133,402,1,2,0,0,0,"[1300,1350,1400,1]","[[84002,20]]",0.4,
134,402,2,4,30,2,200,[1],"[[84002,40]]",0.43,
135,402,3,6,60,4,400,"[15,2]","[[84002,60]]",0.46,
136,402,4,8,90,6,600,"[16,2]","[[84002,80]]",0.49,
137,402,5,10,120,8,800,"[17,3]","[[84002,100]]",0.52,
138,402,6,0,150,10,1000,"[18,4]",[],0.55,
139,403,1,2,0,0,0,"[1300,1350,1400,1]","[[84003,20]]",0.4,
140,403,2,4,30,40,200,[1],"[[84003,40]]",0.43,
141,403,3,6,60,80,400,"[15,2]","[[84003,60]]",0.46,
142,403,4,8,90,120,600,"[16,2]","[[84003,80]]",0.49,
143,403,5,10,120,160,800,"[17,3]","[[84003,100]]",0.52,
144,403,6,0,150,200,1000,"[18,4]",[],0.55,
145,404,1,2,0,0,0,"[1300,1350,1400,1]","[[84004,20]]",0.4,
146,404,2,4,30,5,200,[1],"[[84004,40]]",0.43,
147,404,3,6,60,12,400,"[15,2]","[[84004,60]]",0.46,
148,404,4,8,90,20,600,"[16,2]","[[84004,80]]",0.49,
149,404,5,10,120,30,800,"[17,3]","[[84004,100]]",0.52,
150,404,6,0,150,45,1000,"[18,4]",[],0.55,
157,405,1,2,0,0,0,"[1300,1350,1400,1]","[[84005,20]]",0.4,
158,405,2,4,30,5,200,[1],"[[84005,40]]",0.43,
159,405,3,6,60,12,400,"[15,2]","[[84005,60]]",0.46,
160,405,4,8,90,20,600,"[16,2]","[[84005,80]]",0.49,
161,405,5,10,120,30,800,"[17,3]","[[84005,100]]",0.52,
162,405,6,0,150,45,1000,"[18,4]",[],0.55,
406001,406,1,2,0,0,0,"[1300,1350,1400,1]","[[84006,20]]",0.4,
406002,406,2,4,30,3,200,[1],"[[84006,40]]",0.43,
406003,406,3,6,60,6,400,"[15,2]","[[84006,60]]",0.46,
406004,406,4,8,90,9,600,"[16,2]","[[84006,80]]",0.49,
406005,406,5,10,120,12,800,"[17,3]","[[84006,100]]",0.52,
406006,406,6,0,150,15,1000,"[18,4]",[],0.55,
407001,407,1,2,0,0,0,"[1300,1350,1400,1]","[[84007,20]]",0.4,
407002,407,2,4,30,1,200,[1],"[[84007,40]]",0.43,
407003,407,3,6,60,2,400,"[15,2]","[[84007,60]]",0.46,
407004,407,4,8,90,3,600,"[16,2]","[[84007,80]]",0.49,
407005,407,5,10,120,4,800,"[17,3]","[[84007,100]]",0.52,
407006,407,6,0,150,5,1000,"[18,4]",[],0.55,
408001,408,1,2,0,0,0,"[1300,1350,1400,1]","[[84008,20]]",0.4,
408002,408,2,4,30,1,200,[1],"[[84008,40]]",0.43,
408003,408,3,6,60,2,400,"[15,2]","[[84008,60]]",0.46,
408004,408,4,8,90,3,600,"[16,2]","[[84008,80]]",0.49,
408005,408,5,10,120,4,800,"[17,3]","[[84008,100]]",0.52,
408006,408,6,0,150,5,1000,"[18,4]",[],0.55,
409001,409,1,2,0,0,0,"[1300,1350,1400,1]","[[84009,20]]",0.4,
409002,409,2,4,30,40,200,[1],"[[84009,40]]",0.43,
409003,409,3,6,60,80,400,"[15,2]","[[84009,60]]",0.46,
409004,409,4,8,90,120,600,"[16,2]","[[84009,80]]",0.49,
409005,409,5,10,120,160,800,"[17,3]","[[84009,100]]",0.52,
409006,409,6,0,150,200,1000,"[18,4]",[],0.55,
410001,410,1,2,0,0,0,"[1300,1350,1400,1]","[[84010,20]]",0.4,
410002,410,2,4,30,1,200,[1],"[[84010,40]]",0.43,
410003,410,3,6,60,2,400,"[15,2]","[[84010,60]]",0.46,
410004,410,4,8,90,3,600,"[16,2]","[[84010,80]]",0.49,
410005,410,5,10,120,4,800,"[17,3]","[[84010,100]]",0.52,
410006,410,6,0,150,5,1000,"[18,4]",[],0.55,
411001,411,1,2,0,0,0,"[1300,1350,1400,1]","[[84011,20]]",0.4,
411002,411,2,4,30,2,200,[1],"[[84011,40]]",0.43,
411003,411,3,6,60,4,400,"[15,2]","[[84011,60]]",0.46,
411004,411,4,8,90,6,600,"[16,2]","[[84011,80]]",0.49,
411005,411,5,10,120,8,800,"[17,3]","[[84011,100]]",0.52,
411006,411,6,0,150,10,1000,"[18,4]",[],0.55,
412001,412,1,2,0,0,0,"[1300,1350,1400,1]","[[84012,20]]",0.4,
412002,412,2,4,30,3,200,[1],"[[84012,40]]",0.43,
412003,412,3,6,60,6,400,"[15,2]","[[84012,60]]",0.46,
412004,412,4,8,90,9,600,"[16,2]","[[84012,80]]",0.49,
412005,412,5,10,120,12,800,"[17,3]","[[84012,100]]",0.52,
412006,412,6,0,150,15,1000,"[18,4]",[],0.55,
413001,413,1,2,0,0,0,"[1300,1350,1400,1]","[[84013,20]]",0.4,
413002,413,2,4,30,1,200,[1],"[[84013,40]]",0.43,
413003,413,3,6,60,2,400,"[15,2]","[[84013,60]]",0.46,
413004,413,4,8,90,3,600,"[16,2]","[[84013,80]]",0.49,
413005,413,5,10,120,4,800,"[17,3]","[[84013,100]]",0.52,
413006,413,6,0,150,5,1000,"[18,4]",[],0.55,
414001,414,1,2,0,0,0,"[1300,1350,1400,1]","[[84014,20]]",0.4,
414002,414,2,4,30,1,200,[1],"[[84014,40]]",0.43,
414003,414,3,6,60,2,400,"[15,2]","[[84014,60]]",0.46,
414004,414,4,8,90,3,600,"[16,2]","[[84014,80]]",0.49,
414005,414,5,10,120,4,800,"[17,3]","[[84014,100]]",0.52,
414006,414,6,0,150,5,1000,"[18,4]",[],0.55,
415001,415,1,2,0,0,0,"[1300,1350,1400,1]","[[84015,20]]",0.4,
415002,415,2,4,30,3,200,[1],"[[84015,40]]",0.43,
415003,415,3,6,60,6,400,"[15,2]","[[84015,60]]",0.46,
415004,415,4,8,90,9,600,"[16,2]","[[84015,80]]",0.49,
415005,415,5,10,120,12,800,"[17,3]","[[84015,100]]",0.52,
415006,415,6,0,150,15,1000,"[18,4]",[],0.55,
416001,416,1,2,0,0,0,"[1300,1350,1400,1]","[[84016,20]]",0.4,
416002,416,2,4,30,2,200,[1],"[[84016,40]]",0.43,
416003,416,3,6,60,4,400,"[15,2]","[[84016,60]]",0.46,
416004,416,4,8,90,6,600,"[16,2]","[[84016,80]]",0.49,
416005,416,5,10,120,8,800,"[17,3]","[[84016,100]]",0.52,
416006,416,6,0,150,10,1000,"[18,4]",[],0.55,
417001,417,1,2,0,0,0,"[1300,1350,1400,1]","[[84017,20]]",0.4,
417002,417,2,4,30,1,200,[1],"[[84017,40]]",0.43,
417003,417,3,6,60,2,400,"[15,2]","[[84017,60]]",0.46,
417004,417,4,8,90,3,600,"[16,2]","[[84017,80]]",0.49,
417005,417,5,10,120,4,800,"[17,3]","[[84017,100]]",0.52,
417006,417,6,0,150,5,1000,"[18,4]",[],0.55,
418001,418,1,2,0,0,0,"[1300,1350,1400,1]","[[84018,20]]",0.4,
418002,418,2,4,30,5,200,[1],"[[84018,40]]",0.43,
418003,418,3,6,60,12,400,"[15,2]","[[84018,60]]",0.46,
418004,418,4,8,90,20,600,"[16,2]","[[84018,80]]",0.49,
418005,418,5,10,120,30,800,"[17,3]","[[84018,100]]",0.52,
418006,418,6,0,150,45,1000,"[18,4]",[],0.55,
419001,419,1,2,0,0,0,"[1300,1350,1400,1]","[[84019,20]]",0.4,
419002,419,2,4,30,2,200,[1],"[[84019,40]]",0.43,
419003,419,3,6,60,4,400,"[15,2]","[[84019,60]]",0.46,
419004,419,4,8,90,6,600,"[16,2]","[[84019,80]]",0.49,
419005,419,5,10,120,8,800,"[17,3]","[[84019,100]]",0.52,
419006,419,6,0,150,10,1000,"[18,4]",[],0.55,
420001,420,1,2,0,0,0,"[1300,1350,1400,1]","[[84020,20]]",0.4,
420002,420,2,4,30,3,200,[1],"[[84020,40]]",0.43,
420003,420,3,6,60,6,400,"[15,2]","[[84020,60]]",0.46,
420004,420,4,8,90,9,600,"[16,2]","[[84020,80]]",0.49,
420005,420,5,10,120,12,800,"[17,3]","[[84020,100]]",0.52,
420006,420,6,0,150,15,1000,"[18,4]",[],0.55,
