id,randomType,itemRandom,numRandom,
1001,1,"[[1003,100]]","[[20,20]]",
1002,1,"[[2100,1000]]","[[8,8]]",
1003,1,"[[16000,800]]","[[3,3]]",
1004,1,"[[2100,1000]]","[[12,12]]",
1005,1,"[[1001,1000]]","[[2,2]]",
1006,1,"[[2100,1000]]","[[20,20]]",
2001,2,"[[1003,780],[1002,200],[1001,20]]","[[1,2],[10,15],[1,1]]",
3011,3,"[[2002,500],[2005,500]]","[[2,5],[2,5]]",
3012,3,"[[7004,800],[7005,200]]","[[1,1],[1,1]]",
3013,3,"[[13001,100],[15000,100],[16000,100],[22000,100]]","[[1,2],[1,2],[1,2],[1,2]]",
3021,3,"[[2002,500],[2005,500]]","[[2,5],[2,5]]",
3022,3,"[[7004,800],[7005,200]]","[[1,1],[1,1]]",
3023,3,"[[13001,100],[15000,100],[16000,100],[22000,100]]","[[1,2],[1,2],[1,2],[1,2]]",
3031,3,"[[2002,500],[2005,500]]","[[2,5],[2,5]]",
3032,3,"[[7004,800],[7005,200]]","[[1,1],[1,1]]",
3033,3,"[[13001,100],[15000,100],[16000,100],[22000,100]]","[[1,2],[1,2],[1,2],[1,2]]",
4000,4,"[[30001,23],[30002,23],[30003,23],[30004,23],[30005,23],[30006,23],[30007,23],[30008,23],[30009,23],[30010,23],[30011,23],[30012,23],[30013,23],[30014,23],[30015,23],[30016,23],[30017,23],[30018,23],[30019,23],[30020,23],[30021,23],[30022,23],[30023,25],[30024,25],[30025,25],[30026,25],[30027,25],[30029,25],[30030,25],[30031,25],[30032,25],[30034,25],[30028,37],[30033,37],[30035,37],[30036,37],[30039,50],[30037,50]]","[[5,5],[5,5],[5,5],[5,5],[5,5],[5,5],[5,5],[5,5],[5,5],[5,5],[5,5],[5,5],[5,5],[5,5],[5,5],[5,5],[5,5],[5,5],[5,5],[5,5],[5,5],[5,5],[4,4],[4,4],[4,4],[4,4],[4,4],[4,4],[4,4],[4,4],[4,4],[4,4],[3,3],[3,3],[3,3],[3,3],[5,5],[5,5]]",
4001,4,"[[30001,23],[30002,23],[30003,23],[30004,23],[30005,23],[30006,23],[30007,23],[30008,23],[30009,23],[30010,23],[30011,23],[30012,23],[30013,23],[30014,23],[30015,23],[30016,23],[30017,23],[30018,23],[30019,23],[30020,23],[30021,23],[30022,23],[30023,25],[30024,25],[30025,25],[30026,25],[30027,25],[30029,25],[30030,25],[30031,25],[30032,25],[30034,25],[30028,37],[30033,37],[30035,37],[30036,37],[30037,100]]","[[5,5],[5,5],[5,5],[5,5],[5,5],[5,5],[5,5],[5,5],[5,5],[5,5],[5,5],[5,5],[5,5],[5,5],[5,5],[5,5],[5,5],[5,5],[5,5],[5,5],[5,5],[5,5],[4,4],[4,4],[4,4],[4,4],[4,4],[4,4],[4,4],[4,4],[4,4],[4,4],[3,3],[3,3],[3,3],[3,3],[5,5]]",
4002,4,"[[30001,23],[30002,23],[30003,23],[30004,23],[30005,23],[30006,23],[30007,23],[30008,23],[30009,23],[30010,23],[30011,23],[30012,23],[30013,23],[30014,23],[30015,23],[30016,23],[30017,23],[30018,23],[30019,23],[30020,23],[30021,23],[30022,23],[30023,25],[30024,25],[30025,25],[30026,25],[30027,25],[30029,25],[30030,25],[30031,25],[30032,25],[30034,25],[30028,37],[30033,37],[30035,37],[30036,37],[30039,100]]","[[5,5],[5,5],[5,5],[5,5],[5,5],[5,5],[5,5],[5,5],[5,5],[5,5],[5,5],[5,5],[5,5],[5,5],[5,5],[5,5],[5,5],[5,5],[5,5],[5,5],[5,5],[5,5],[4,4],[4,4],[4,4],[4,4],[4,4],[4,4],[4,4],[4,4],[4,4],[4,4],[3,3],[3,3],[3,3],[3,3],[5,5]]",
4003,4,"[[30001,23],[30002,23],[30003,23],[30004,23],[30005,23],[30006,23],[30007,23],[30008,23],[30009,23],[30010,23],[30011,23],[30012,23],[30013,23],[30014,23],[30015,23],[30016,23],[30017,23],[30018,23],[30019,23],[30020,23],[30021,23],[30022,23],[30023,25],[30024,25],[30025,25],[30026,25],[30027,25],[30029,25],[30030,25],[30031,25],[30032,25],[30034,25],[30028,37],[30033,37],[30035,37],[30036,37],[30040,100]]","[[5,5],[5,5],[5,5],[5,5],[5,5],[5,5],[5,5],[5,5],[5,5],[5,5],[5,5],[5,5],[5,5],[5,5],[5,5],[5,5],[5,5],[5,5],[5,5],[5,5],[5,5],[5,5],[4,4],[4,4],[4,4],[4,4],[4,4],[4,4],[4,4],[4,4],[4,4],[4,4],[3,3],[3,3],[3,3],[3,3],[5,5]]",
4004,4,"[[14001,204],[14011,204],[14021,204],[14031,204],[14041,204],[14051,204],[14061,204],[14071,204],[14081,204],[14091,204],[14101,204],[14111,204],[14121,204],[14131,204],[14141,204],[14151,204],[14161,204],[14171,204],[14181,204],[14191,204],[14201,204],[14211,204],[141001,24],[141011,24],[141021,24],[141041,23],[141061,23],[141071,23],[141081,23],[141091,23],[141201,23],[141051,10],[141101,10],[141301,10],[141401,10],[141701,10],[142001,10],[142201,10],[141501,1],[141601,1],[141801,1],[141901,1],[142101,1],[142301,1],[1002,800],[2008,1900],[30000,2900]]","[[1,1],[1,1],[1,1],[1,1],[1,1],[1,1],[1,1],[1,1],[1,1],[1,1],[1,1],[1,1],[1,1],[1,1],[1,1],[1,1],[1,1],[1,1],[1,1],[1,1],[1,1],[1,1],[1,1],[1,1],[1,1],[1,1],[1,1],[1,1],[1,1],[1,1],[1,1],[1,1],[1,1],[1,1],[1,1],[1,1],[1,1],[1,1],[1,1],[1,1],[1,1],[1,1],[1,1],[1,1],[1000,1000],[1,1],[8,8]]",
4005,4,"[[14001,204],[14011,204],[14021,204],[14031,204],[14041,204],[14051,204],[14061,204],[14071,204],[14081,204],[14091,204],[14101,204],[14111,204],[14121,204],[14131,204],[14141,204],[14151,204],[14161,204],[14171,204],[14181,204],[14191,204],[14201,204],[14211,204],[141001,24],[141011,24],[141021,24],[141041,23],[141061,23],[141071,23],[141081,23],[141091,23],[141201,23],[141051,10],[141101,10],[141301,10],[141401,10],[141701,10],[142001,10],[142201,10],[141501,1],[141601,1],[141801,1],[141901,1],[142101,1],[143201,1],[1002,800],[2008,1900],[30000,2900]]","[[1,1],[1,1],[1,1],[1,1],[1,1],[1,1],[1,1],[1,1],[1,1],[1,1],[1,1],[1,1],[1,1],[1,1],[1,1],[1,1],[1,1],[1,1],[1,1],[1,1],[1,1],[1,1],[1,1],[1,1],[1,1],[1,1],[1,1],[1,1],[1,1],[1,1],[1,1],[1,1],[1,1],[1,1],[1,1],[1,1],[1,1],[1,1],[1,1],[1,1],[1,1],[1,1],[1,1],[1,1],[1000,1000],[1,1],[8,8]]",
4006,4,"[[14001,204],[14011,204],[14021,204],[14031,204],[14041,204],[14051,204],[14061,204],[14071,204],[14081,204],[14091,204],[14101,204],[14111,204],[14121,204],[14131,204],[14141,204],[14151,204],[14161,204],[14171,204],[14181,204],[14191,204],[14201,204],[14211,204],[141001,24],[141011,24],[141021,24],[141041,23],[141061,23],[141071,23],[141081,23],[141091,23],[141201,23],[141051,10],[141101,10],[141301,10],[141401,10],[141701,10],[142001,10],[142201,10],[141501,1],[141601,1],[141801,1],[141901,1],[142101,1],[143701,1],[1002,800],[2008,1900],[30000,2900]]","[[1,1],[1,1],[1,1],[1,1],[1,1],[1,1],[1,1],[1,1],[1,1],[1,1],[1,1],[1,1],[1,1],[1,1],[1,1],[1,1],[1,1],[1,1],[1,1],[1,1],[1,1],[1,1],[1,1],[1,1],[1,1],[1,1],[1,1],[1,1],[1,1],[1,1],[1,1],[1,1],[1,1],[1,1],[1,1],[1,1],[1,1],[1,1],[1,1],[1,1],[1,1],[1,1],[1,1],[1,1],[1000,1000],[1,1],[8,8]]",
4007,4,"[[14001,204],[14011,204],[14021,204],[14031,204],[14041,204],[14051,204],[14061,204],[14071,204],[14081,204],[14091,204],[14101,204],[14111,204],[14121,204],[14131,204],[14141,204],[14151,204],[14161,204],[14171,204],[14181,204],[14191,204],[14201,204],[14211,204],[141001,24],[141011,24],[141021,24],[141041,23],[141061,23],[141071,23],[141081,23],[141091,23],[141201,23],[141051,10],[141101,10],[141301,10],[141401,10],[141701,10],[142001,10],[142201,10],[141501,1],[141601,1],[141801,1],[141901,1],[142101,1],[143801,1],[1002,800],[2008,1900],[30000,2900]]","[[1,1],[1,1],[1,1],[1,1],[1,1],[1,1],[1,1],[1,1],[1,1],[1,1],[1,1],[1,1],[1,1],[1,1],[1,1],[1,1],[1,1],[1,1],[1,1],[1,1],[1,1],[1,1],[1,1],[1,1],[1,1],[1,1],[1,1],[1,1],[1,1],[1,1],[1,1],[1,1],[1,1],[1,1],[1,1],[1,1],[1,1],[1,1],[1,1],[1,1],[1,1],[1,1],[1,1],[1,1],[1000,1000],[1,1],[8,8]]",
