id,name,level,progress,showdragons,avatar,frame,playerskin,petskin
1,Sophia,8,4,"[101008,102008,103008]",,24000,27200,27100
2,Isabella,9,5,"[101008,102008,103008]",2,24000,27200,27100
3,Emma,10,5,"[101008,102008,104008]",3,24000,27200,27100
4,Olivia,11,6,"[101008,102008,201008]",4,24000,27200,27100
5,Ava,12,6,"[101008,102008,201008]",5,24000,27200,27100
6,Emily,13,7,"[101008,102008,201008]",6,24000,27200,27100
7,William,14,7,"[101008,102008,201008]",7,24000,27200,27100
8,Evelyn,15,8,"[101008,102008,201008]",8,24001,27200,27100
9,Harper,16,8,"[101008,102008,201008]",,24000,27200,27100
10,Alexander,17,9,"[101008,102008,201008]",,24000,27200,27100
11,Charlotte,18,9,"[101008,102008,201008]",,24000,27200,27100
12,James,19,10,"[101008,102008,201008]",,24000,27200,27100
13,JOE,20,10,"[101008,102008,201008]",2,24000,27200,27100
14,JACK,21,11,"[101008,102008,201008]",3,24000,27200,27100
15,wave,22,11,"[101008,102008,201008]",4,24000,27200,27100
16,Fairy,23,12,"[101008,102008,201008]",5,24001,27200,27100
17,Terminator,24,12,"[101008,102008,201008]",6,24000,27200,27100
18,hot girl,25,13,"[101008,102008,201008]",7,24001,27200,27100
19,SUN,26,13,"[101008,102008,201008]",8,24000,27200,27100
20,Angel,27,14,"[101008,102008,201008]",,24001,27200,27100
21,baby,28,14,"[101008,102008,201008]",,24000,27200,27100
22,De'sha Timmick,29,15,"[101008,102008,201008]",2,24001,27200,27100
23,Tammy Rendall,30,15,"[101008,102008,201008]",3,24000,27200,27100
24,Olguita Estrada,31,16,"[101008,102008,201008]",4,24001,27200,27100
25,Kalaivani Kousalya,32,16,"[101008,102008,201008]",5,24000,27200,27100
26,Hương Nguyễn,33,17,"[101008,102008,201008]",6,24001,27200,27100
27,Pannwaiwai Linn,34,18,"[101008,102008,201008]",7,24000,27200,27100
28,Badea Daniela,35,19,"[101008,102008,201008]",8,24000,27200,27100
29,Kathleen Wall-Bowden,36,19,"[101008,102008,201008]",,24000,27200,27100
30,Carla Weaver,37,19,"[101008,102008,201008]",,24000,27200,27100
31,Malini Midrin,8,4,"[101008,102008,201008]",2,24000,27200,27100
32,Marie Ange Justin,9,5,"[101008,102008,201008]",3,24000,27200,27100
33,Breanna Sue Doolittle,10,5,"[101008,102008,201008]",4,24000,27200,27100
34,Nancy Ann Hook,11,6,"[101008,102008,201008]",5,24000,27200,27100
35,Katarzyna Gębczyńska-Kula,12,6,"[101008,102008,201008]",6,24000,27200,27100
36,Kelly Hammond,13,7,"[101008,102008,201008]",7,24000,27200,27100
37,Candy Jo,14,7,"[101008,102008,201008]",8,24000,27200,27100
38,Meida Wardani,15,8,"[101008,102008,201008]",,24000,27200,27100
39,Dawn Young Hoagland,16,8,"[101008,102008,201008]",,24000,27200,27100
40,Kimberly Pepper Mott,17,9,"[101008,102008,201008]",2,24000,27200,27100
41,Cynthia Hall,18,9,"[101008,102008,201008]",3,24000,27200,27100
42,Robin A Matthews,19,10,"[101008,102008,201008]",4,24000,27200,27100
43,Melo Blistersister,20,10,"[101008,102008,201008]",5,24000,27200,27100
44,Jennifer Russell,21,11,"[101008,102008,201008]",6,24000,27200,27100
45,Monica Bock,22,11,"[101008,102008,201008]",7,24000,27200,27100
46,Neven Salman,23,12,"[101008,102008,201008]",8,24000,27200,27100
47,Honey Beez,24,12,"[101008,102008,201008]",,24000,27200,27100
48,Anne McCallion,25,13,"[101008,102008,201008]",,24000,27200,27100
49,Gennette Gauld,26,13,"[101008,102008,201008]",2,24000,27200,27100
50,Megan Ardner,27,14,"[101008,102008,201008]",3,24000,27200,27100
51,Deidra R. Cooper,28,14,"[101008,102008,201008]",4,24001,27200,27100
52,Leann Knight,29,15,"[101008,102008,201008]",5,24000,27200,27100
53,Mohamed Mady,30,15,"[101008,102008,201008]",6,24000,27200,27100
54,Bettaloha HI,31,16,"[101008,102008,201008]",7,24000,27200,27100
55,Susan Kavana,32,16,"[101008,102008,201008]",8,24000,27200,27100
56,Karen Cyr,33,17,"[101008,102008,201008]",,24000,27200,27100
57,Judy Phillips,34,18,"[101008,102008,201008]",2,24000,27200,27100
58,Chelle Belle,35,19,"[101008,102008,201008]",3,24000,27200,27100
59,Emma Marie Jones,36,19,"[101008,102008,201008]",4,24000,27200,27100
60,Noorulain Kakar,37,19,"[101008,102008,201008]",5,24000,27200,27100
61,78sc76,10,8,"[101008,102008,201008]",6,24000,27200,27100
62,ssdf3f,11,8,"[101008,102008,201008]",7,24000,27200,27100
63,vs3ag4,12,9,"[101008,102008,201008]",8,24000,27200,27100
64,ss2214,13,9,"[101008,102008,201008]",,24000,27200,27100
65,330ax1,14,10,"[101008,102008,201008]",,24000,27200,27100
66,sgyt6u,15,10,"[101008,102008,201008]",2,24000,27200,27100
67,svgty4,16,11,"[101008,102008,201008]",3,24000,27200,27100
68,gg42sc,17,11,"[101008,102008,201008]",4,24000,27200,27100
69,xx1221,18,12,"[101008,102008,201008]",5,24000,27200,27100
70,yfadsa,19,12,"[101008,102008,201008]",6,24000,27200,27100
71,ufa353,20,13,"[101008,102008,201008]",7,24000,27200,27100
72,2232d5,21,13,"[101008,102008,201008]",8,24000,27200,27100
73,3dsb6d,22,14,"[101008,102008,201008]",,24001,27200,27100
74,すずき,23,14,"[101008,102008,201008]",2,24000,27200,27100
75,しみず,24,15,"[101008,102008,201008]",3,24000,27200,27100
76,진 준성,25,15,"[101008,102008,201008]",4,24000,27200,27100
77,sdsw45,26,16,"[101008,102008,201008]",5,24001,27200,27100
78,faery41,27,16,"[101008,102008,201008]",6,24000,27200,27100
79,ufs456,28,17,"[101008,102008,201008]",7,24001,27200,27100
80,yyur87,29,18,"[101008,102008,201008]",8,24000,27200,27100
