id,type,user,getWay,time,quality,attribute,dragonEnergyLimit,skill,canProduct,productNeedItem,needEquipQuelity,awardWeight,successRate,increaseSuccessRate,reimburse,sell,taskDrawingGetWay,drawingID,
27100,1,Petdragon,0,,0,0,[],[],0,[],[],,100,0,[],[],,,
27200,2,Femaleplayer,0,,0,0,[],[],0,[],[],,100,0,[],[],,,
27201,2,Femaleplayer,1,,0,0,[],[],0,[],[],,100,0,[],[],,,
27202,2,Femaleplayer,1,,0,0,[],[],0,[],[],,100,0,[],[],,,
27203,2,Femaleplayer,1,,0,0,[],[],0,[],[],,100,0,[],[],,,
27204,2,Femaleplayer,1,,0,0,[],[],0,[],[],,100,0,[],[],,,
27205,2,Femaleplayer,1,,0,0,[],[],0,[],[],,100,0,[],[],,,
27206,2,Femaleplayer,1,,0,0,[],[],0,[],[],,100,0,[],[],,,
27207,2,Femaleplayer,1,,0,0,[],[],0,[],[],,100,0,[],[],,,
27208,2,Femaleplayer,1,,0,0,[],[],0,[],[],,100,0,[],[],,,
27209,2,Femaleplayer,1,,0,0,[],[],0,[],[],,100,0,[],[],,,
27210,2,Femaleplayer,1,,0,0,[],[],0,[],[],,100,0,[],[],,,
27211,2,Femaleplayer,1,,0,0,[],[],0,[],[],,100,0,[],[],,,
27212,2,Femaleplayer,1,,0,0,[],[],0,[],[],,100,0,[],[],,,
27213,2,Femaleplayer,1,,0,0,[],[],0,[],[],,100,0,[],[],,,
27214,2,Femaleplayer,1,,0,0,[],[],0,[],[],,100,0,[],[],,,
27215,2,Femaleplayer,1,,0,0,[],[],0,[],[],,100,0,[],[],,,
27218,2,Femaleplayer,1,,0,0,[],[],0,[],[],,100,0,[],[],,,
27219,2,Femaleplayer,1,,0,0,[],[],0,[],[],,100,0,[],[],,,
27220,2,Femaleplayer,1,,0,0,[],[],0,[],[],,100,0,[],[],,,
27221,2,Femaleplayer,1,,0,0,[],[],0,[],[],,100,0,[],[],,,
27222,2,Femaleplayer,1,,0,0,[],[],0,[],[],,100,0,[],[],,,
27223,2,Femaleplayer,1,,0,0,[],[],0,[],[],,100,0,[],[],,,
27225,2,Femaleplayer,1,,0,0,[],[],0,[],[],,100,0,[],[],,,
27226,2,Femaleplayer,1,,0,0,[],[],0,[],[],,100,0,[],[],,,
27227,2,Femaleplayer,1,,0,0,[],[],0,[],[],,100,0,[],[],,,
27228,2,Femaleplayer,1,,0,0,[],[],0,[],[],,100,0,[],[],,,
27303,10,Femaleplayer,2,,0,0,[],[],0,[],[],,100,0,[],[],,,
27304,10,Femaleplayer,1,,0,0,[],[],0,[],[],,100,0,[],[],,,
27305,11,Femaleplayer,1,,0,0,[],[],0,[],[],,100,0,[],[],,,
27306,12,Femaleplayer,1,,0,0,[],[],0,[],[],,100,0,[],[],,,
27307,13,Femaleplayer,1,,0,0,[],[],0,[],[],,100,0,[],[],,,
27308,11,Femaleplayer,1,,0,0,[],[],0,[],[],,100,0,[],[],,,
27309,12,Femaleplayer,1,,0,0,[],[],0,[],[],,100,0,[],[],,,
27310,10,Femaleplayer,1,,0,0,[],[],0,[],[],,100,0,[],[],,,
27311,11,Femaleplayer,1,,0,0,[],[],0,[],[],,100,0,[],[],,,
27312,12,Femaleplayer,1,,0,0,[],[],0,[],[],,100,0,[],[],,,
27313,13,Femaleplayer,1,,0,0,[],[],0,[],[],,100,0,[],[],,,
27314,10,Femaleplayer,1,,0,0,[],[],0,[],[],,100,0,[],[],,,
27315,11,Femaleplayer,1,,0,0,[],[],0,[],[],,100,0,[],[],,,
27316,12,Femaleplayer,1,,0,0,[],[],0,[],[],,100,0,[],[],,,
27317,13,Femaleplayer,1,,0,0,[],[],0,[],[],,100,0,[],[],,,
27318,10,Femaleplayer,1,,0,0,[],[],0,[],[],,100,0,[],[],,,
27319,11,Femaleplayer,1,,0,0,[],[],0,[],[],,100,0,[],[],,,
27320,12,Femaleplayer,1,,0,0,[],[],0,[],[],,100,0,[],[],,,
27321,13,Femaleplayer,1,,0,0,[],[],0,[],[],,100,0,[],[],,,
27322,10,Femaleplayer,1,,0,0,[],[],0,[],[],,100,0,[],[],,,
27323,11,Femaleplayer,1,,0,0,[],[],0,[],[],,100,0,[],[],,,
27324,12,Femaleplayer,1,,0,0,[],[],0,[],[],,100,0,[],[],,,
27325,13,Femaleplayer,1,,0,0,[],[],0,[],[],,100,0,[],[],,,
27326,10,Femaleplayer,1,,0,0,[],[],0,[],[],,100,0,[],[],,,
27327,11,Femaleplayer,1,,0,0,[],[],0,[],[],,100,0,[],[],,,
27328,12,Femaleplayer,1,,0,0,[],[],0,[],[],,100,0,[],[],,,
27329,13,Femaleplayer,1,,0,0,[],[],0,[],[],,100,0,[],[],,,
27330,10,Femaleplayer,1,,0,0,[],[],0,[],[],,100,0,[],[],,,
27331,11,Femaleplayer,1,,0,0,[],[],0,[],[],,100,0,[],[],,,
27332,12,Femaleplayer,1,,0,0,[],[],0,[],[],,100,0,[],[],,,
27333,13,Femaleplayer,1,,0,0,[],[],0,[],[],,100,0,[],[],,,
27334,10,Femaleplayer,1,,0,0,[],[],0,[],[],,100,0,[],[],,,
27335,11,Femaleplayer,1,,0,0,[],[],0,[],[],,100,0,[],[],,,
27336,12,Femaleplayer,1,,0,0,[],[],0,[],[],,100,0,[],[],,,
27337,13,Femaleplayer,1,,0,0,[],[],0,[],[],,100,0,[],[],,,
27342,10,Femaleplayer,1,,0,0,[],[],0,[],[],,100,0,[],[],,,
27343,11,Femaleplayer,1,,0,0,[],[],0,[],[],,100,0,[],[],,,
27344,12,Femaleplayer,1,,0,0,[],[],0,[],[],,100,0,[],[],,,
27345,13,Femaleplayer,1,,0,0,[],[],0,[],[],,100,0,[],[],,,
27346,10,Femaleplayer,1,,0,0,[],[],0,[],[],,100,0,[],[],,,
27347,11,Femaleplayer,1,,0,0,[],[],0,[],[],,100,0,[],[],,,
27348,12,Femaleplayer,1,,0,0,[],[],0,[],[],,100,0,[],[],,,
27349,13,Femaleplayer,1,,0,0,[],[],0,[],[],,100,0,[],[],,,
27350,10,Femaleplayer,0,,0,0,[],[],0,[],[],,100,0,[],[],,,
27351,11,Femaleplayer,0,,0,0,[],[],1,[],[],,100,0,[],[],,,
27352,12,Femaleplayer,0,,0,0,[],[],2,[],[],,100,0,[],[],,,
27353,13,Femaleplayer,0,,0,0,[],[],3,[],[],,100,0,[],[],,,
27354,10,Femaleplayer,1,,0,0,[],[],0,[],[],,100,0,[],[],,,
27355,11,Femaleplayer,1,,0,0,[],[],0,[],[],,100,0,[],[],,,
27356,12,Femaleplayer,1,,0,0,[],[],0,[],[],,100,0,[],[],,,
27357,13,Femaleplayer,1,,0,0,[],[],0,[],[],,100,0,[],[],,,
27358,10,Femaleplayer,1,,0,0,[],[],0,[],[],,100,0,[],[],,,
27359,11,Femaleplayer,1,,0,0,[],[],0,[],[],,100,0,[],[],,,
27360,12,Femaleplayer,1,,0,0,[],[],0,[],[],,100,0,[],[],,,
27361,13,Femaleplayer,1,,0,0,[],[],0,[],[],,100,0,[],[],,,
27362,10,Femaleplayer,1,,0,0,[],[],0,[],[],,100,0,[],[],,,
27363,11,Femaleplayer,1,,0,0,[],[],0,[],[],,100,0,[],[],,,
27364,12,Femaleplayer,1,,0,0,[],[],0,[],[],,100,0,[],[],,,
27365,13,Femaleplayer,1,,0,0,[],[],0,[],[],,100,0,[],[],,,
27371,10,Femaleplayer,1,,0,0,[],[],0,[],[],,100,0,[],[],,,
27372,11,Femaleplayer,1,,0,0,[],[],0,[],[],,100,0,[],[],,,
27373,12,Femaleplayer,1,,0,0,[],[],0,[],[],,100,0,[],[],,,
27374,13,Femaleplayer,1,,0,0,[],[],0,[],[],,100,0,[],[],,,
27375,10,Femaleplayer,1,,0,0,[],[],0,[],[],,100,0,[],[],,,
27376,11,Femaleplayer,1,,0,0,[],[],0,[],[],,100,0,[],[],,,
27377,12,Femaleplayer,1,,0,0,[],[],0,[],[],,100,0,[],[],,,
27378,13,Femaleplayer,1,,0,0,[],[],0,[],[],,100,0,[],[],,,
27379,10,Femaleplayer,1,,0,0,[],[],0,[],[],,100,0,[],[],,,
27380,11,Femaleplayer,1,,0,0,[],[],0,[],[],,100,0,[],[],,,
27381,12,Femaleplayer,1,,0,0,[],[],0,[],[],,100,0,[],[],,,
27382,13,Femaleplayer,1,,0,0,[],[],0,[],[],,100,0,[],[],,,
27383,12,Femaleplayer,1,,0,0,[],[],0,[],[],,100,0,[],[],,,
27384,10,Femaleplayer,1,,0,0,[],[],0,[],[],,100,0,[],[],,,
27385,11,Femaleplayer,1,,0,0,[],[],0,[],[],,100,0,[],[],,,
27386,12,Femaleplayer,1,,0,0,[],[],0,[],[],,100,0,[],[],,,
27387,13,Femaleplayer,1,,0,0,[],[],0,[],[],,100,0,[],[],,,
27392,10,Femaleplayer,1,,0,0,[],[],0,[],[],,100,0,[],[],,,
27393,11,Femaleplayer,1,,0,0,[],[],0,[],[],,100,0,[],[],,,
27394,12,Femaleplayer,1,,0,0,[],[],0,[],[],,100,0,[],[],,,
27395,13,Femaleplayer,1,,0,0,[],[],0,[],[],,100,0,[],[],,,
27396,10,Femaleplayer,1,,0,0,[],[],0,[],[],,100,0,[],[],,,
27397,11,Femaleplayer,1,,0,0,[],[],0,[],[],,100,0,[],[],,,
27398,12,Femaleplayer,1,,0,0,[],[],0,[],[],,100,0,[],[],,,
27399,13,Femaleplayer,1,,0,0,[],[],0,[],[],,100,0,[],[],,,
27400,10,Femaleplayer,1,,0,0,[],[],0,[],[],,100,0,[],[],,,
27401,11,Femaleplayer,1,,0,0,[],[],0,[],[],,100,0,[],[],,,
27402,12,Femaleplayer,1,,0,0,[],[],0,[],[],,100,0,[],[],,,
27403,13,Femaleplayer,1,,0,0,[],[],0,[],[],,100,0,[],[],,,
27404,10,Femaleplayer,1,,0,0,[],[],0,[],[],,100,0,[],[],,,
27405,11,Femaleplayer,1,,0,0,[],[],0,[],[],,100,0,[],[],,,
27406,12,Femaleplayer,1,,0,0,[],[],0,[],[],,100,0,[],[],,,
27407,13,Femaleplayer,1,,0,0,[],[],0,[],[],,100,0,[],[],,,
27408,10,Femaleplayer,1,,0,0,[],[],0,[],[],,100,0,[],[],,,
27409,11,Femaleplayer,1,,0,0,[],[],0,[],[],,100,0,[],[],,,
27410,12,Femaleplayer,1,,0,0,[],[],0,[],[],,100,0,[],[],,,
27411,13,Femaleplayer,1,,0,0,[],[],0,[],[],,100,0,[],[],,,
27412,10,Femaleplayer,1,,0,0,[],[],0,[],[],,100,0,[],[],,,
27413,11,Femaleplayer,1,,0,0,[],[],0,[],[],,100,0,[],[],,,
27414,12,Femaleplayer,1,,0,0,[],[],0,[],[],,100,0,[],[],,,
27415,13,Femaleplayer,1,,0,0,[],[],0,[],[],,100,0,[],[],,,
27416,10,Femaleplayer,1,,0,0,[],[],0,[],[],,100,0,[],[],,,
27417,11,Femaleplayer,1,,0,0,[],[],0,[],[],,100,0,[],[],,,
27418,12,Femaleplayer,1,,0,0,[],[],0,[],[],,100,0,[],[],,,
27419,13,Femaleplayer,1,,0,0,[],[],0,[],[],,100,0,[],[],,,
27420,10,Femaleplayer,1,,0,0,[],[],0,[],[],,100,0,[],[],,,
27421,11,Femaleplayer,1,,0,0,[],[],0,[],[],,100,0,[],[],,,
27422,12,Femaleplayer,1,,0,0,[],[],0,[],[],,100,0,[],[],,,
27423,13,Femaleplayer,1,,0,0,[],[],0,[],[],,100,0,[],[],,,
27424,10,Femaleplayer,1,,0,0,[],[],0,[],[],,100,0,[],[],,,
27425,11,Femaleplayer,1,,0,0,[],[],0,[],[],,100,0,[],[],,,
27426,12,Femaleplayer,1,,0,0,[],[],0,[],[],,100,0,[],[],,,
27427,13,Femaleplayer,1,,0,0,[],[],0,[],[],,100,0,[],[],,,
27604,4,-1,1,,4,0,"[25,35]","[300,200]",1,"[[2201,400],[2202,400],[27519,2]]",[],,30,20,"[[1002,1000]]","[1002,300]",,36604,
27751,4,-1,-1,,2,0,"[4,8]",[],1,,"[1,5]",,40,30,"[[1002,300]]","[1002,100]",,36751,
27752,4,-1,-1,,2,0,"[4,8]",[],1,,"[1,5]",,40,30,"[[1002,300]]","[1002,100]",,36752,
27755,4,-1,-1,,2,0,"[4,8]",[],1,,"[1,5]",,40,30,"[[1002,300]]","[1002,100]",,36755,
27758,4,-1,-1,,2,0,"[4,8]",[],1,,"[1,5]",,40,30,"[[1002,300]]","[1002,100]",,36758,
91001,4,-1,1,,1,0,"[1,3]",[],1,,[],,100,30,"[[1002,300]]","[1002,50]",,1001001,
91002,4,-1,1,,1,0,"[1,3]",[],1,,[],,100,0,"[[1002,50]]","[1002,50]",,1001002,
91003,4,-1,1,,1,0,"[1,3]",[],1,,[],,100,0,[],"[1002,50]",,1001003,
91004,4,-1,1,,1,0,"[1,3]",[],1,,[],,100,0,[],"[1002,50]",,1001004,
91005,4,-1,1,,1,0,"[1,3]",[],1,,[],,100,0,[],"[1002,50]",,1001005,
91006,4,-1,-1,,1,0,"[1,3]",[],1,,[],,100,0,[],"[1002,50]",,1001006,
91007,4,-1,-1,,1,0,"[1,3]",[],1,,[],,100,0,[],"[1002,50]",,1001007,
91008,4,-1,-1,,1,0,"[1,3]",[],1,,[],,100,0,[],"[1002,50]",,1001008,
91009,4,-1,1,,1,0,"[1,3]",[],1,,[],,100,0,[],"[1002,50]",,1001009,
91010,4,-1,1,,1,0,"[1,3]",[],1,,[],,100,0,[],"[1002,50]",,1001010,
91011,4,-1,1,,1,0,"[1,3]",[],1,,[],,100,0,[],"[1002,50]",,1001011,
91012,4,-1,-1,,1,0,"[1,3]",[],1,,[],,100,0,[],"[1002,50]",,1001012,
92001,4,-1,-1,,2,0,"[4,8]",[],1,,"[1,5]",1000,40,30,"[[1002,300]]","[1002,100]",,1002001,
92002,4,-1,-1,,2,0,"[4,8]",[],1,,"[1,5]",1000,40,30,"[[1002,300]]","[1002,100]",,1002002,
92003,4,-1,-1,,2,0,"[4,8]",[],1,,"[1,5]",1000,40,30,"[[1002,300]]","[1002,100]",,1002003,
92004,4,-1,1,,2,0,"[4,8]",[],1,,"[1,5]",100,40,30,"[[1002,300]]","[1002,100]",,1002004,
92005,4,-1,-1,,2,0,"[4,8]",[],1,,"[1,5]",100,40,30,"[[1002,300]]","[1002,100]",,1002005,
92006,4,-1,-1,,2,0,"[4,8]",[],1,,"[1,5]",100,40,30,"[[1002,300]]","[1002,100]",,1002006,
92007,4,-1,-1,,2,0,"[4,8]",[],1,,"[1,5]",100,40,30,"[[1002,300]]","[1002,100]",,1002007,
92008,4,-1,-1,,2,0,"[4,8]",[],1,,"[1,5]",0,40,30,"[[1002,300]]","[1002,100]",,1002008,
92009,4,-1,-1,,2,0,"[4,8]",[],1,,"[1,5]",0,40,30,"[[1002,300]]","[1002,100]",,1002009,
92010,4,-1,-1,,2,0,"[4,8]",[],1,,"[1,5]",100,40,30,"[[1002,300]]","[1002,100]",,1002010,
92011,4,-1,-1,,2,0,"[4,8]",[],1,,"[1,5]",100,40,30,"[[1002,300]]","[1002,100]",,1002011,
92012,4,-1,-1,,2,0,"[4,8]",[],1,,"[1,5]",100,40,30,"[[1002,300]]","[1002,100]",,1002012,
92013,4,-1,-1,,2,0,"[4,8]",[],1,,"[1,5]",100,40,30,"[[1002,300]]","[1002,100]",,1002013,
92014,4,-1,-1,,2,0,"[4,8]",[],1,,"[1,5]",100,40,30,"[[1002,300]]","[1002,100]",,1002014,
92015,4,-1,-1,,2,0,"[4,8]",[],1,,"[1,5]",100,40,30,"[[1002,300]]","[1002,100]",,1002015,
92016,4,-1,-1,,2,0,"[4,8]",[],1,,"[1,5]",100,40,30,"[[1002,300]]","[1002,100]",,1002016,
92017,4,-1,-1,,2,0,"[4,8]",[],1,,"[1,5]",100,40,30,"[[1002,300]]","[1002,100]",,1002017,
92018,4,-1,-1,,2,0,"[4,8]",[],1,,"[1,5]",100,40,30,"[[1002,300]]","[1002,100]",,1002018,
92019,4,-1,-1,,2,0,"[4,8]",[],1,,"[1,5]",100,40,30,"[[1002,300]]","[1002,100]",,1002019,
92020,4,-1,-1,,2,0,"[4,8]",[],1,,"[1,5]",100,40,30,"[[1002,300]]","[1002,100]",,1002020,
92021,4,-1,-1,,2,0,"[4,8]",[],1,,"[1,5]",100,40,30,"[[1002,300]]","[1002,100]",,1002021,
92022,4,-1,-1,,2,0,"[4,8]",[],1,,"[1,5]",100,40,30,"[[1002,300]]","[1002,100]",,1002022,
92023,4,-1,-1,,2,0,"[4,8]",[],1,,"[1,5]",100,40,30,"[[1002,300]]","[1002,100]",,1002023,
92024,4,-1,-1,,2,0,"[4,8]",[],1,,"[1,5]",100,40,30,"[[1002,300]]","[1002,100]",,1002024,
92025,4,-1,-1,,2,0,"[4,8]",[],1,,"[1,5]",100,40,30,"[[1002,300]]","[1002,100]",,1002024,
92026,4,-1,-1,,2,0,"[4,8]",[],1,,"[1,5]",100,40,30,"[[1002,300]]","[1002,100]",,1002024,
92027,4,-1,-1,,2,0,"[4,8]",[],1,,"[1,5]",100,40,30,"[[1002,300]]","[1002,100]",,1002024,
92028,4,-1,-1,,2,0,"[4,8]",[],1,,"[1,5]",100,40,30,"[[1002,300]]","[1002,100]",,1002024,
92029,4,-1,-1,,2,0,"[4,8]",[],1,,"[1,5]",100,40,30,"[[1002,300]]","[1002,100]",,1002024,
93001,4,-1,-1,,3,0,"[10,20]",[],1,,"[2,3]",1000,30,0,[],"[1002,200]",,1003001,
93002,4,-1,-1,,3,0,"[10,20]",[],1,,"[2,3]",1000,30,0,[],"[1002,200]",,1003002,
93003,4,-1,-1,,3,0,"[10,20]",[],1,,"[2,3]",100,30,0,[],"[1002,200]",,1003003,
93004,4,-1,-1,,3,0,"[10,20]",[],1,,"[2,3]",100,30,0,[],"[1002,200]",,1003004,
93005,4,-1,-1,,3,0,"[10,20]",[],1,,"[2,3]",100,30,0,[],"[1002,200]",,1003005,
93006,4,-1,-1,,3,0,"[10,20]",[],1,,"[2,3]",100,30,0,[],"[1002,200]",,1003006,
93007,4,-1,-1,,3,0,"[10,20]",[],1,,"[2,3]",100,30,0,[],"[1002,200]",,1003007,
93008,4,-1,-1,,3,0,"[10,20]",[],1,,"[2,3]",0,30,0,[],"[1002,200]",,1003008,
93009,4,-1,-1,,3,0,"[10,20]",[],1,,"[2,3]",0,30,0,[],"[1002,200]",,1003009,
93010,4,-1,-1,,3,0,"[10,20]",[],1,,"[2,3]",100,30,0,[],"[1002,200]",,1003010,
93011,4,-1,1,,3,0,"[10,20]",[],1,,"[2,3]",0,30,0,[],"[1002,200]",,1003011,
94001,4,-1,1,,4,0,"[25,35]","[300,200]",1,,"[3,3]",1000,30,20,"[[1002,1000]]","[1002,300]",,1004001,
94002,4,-1,-1,,4,0,"[25,35]","[300,200]",1,,"[3,3]",500,30,20,"[[1002,1000]]","[1002,300]",,1004002,
94003,4,-1,-1,,4,0,"[25,35]","[300,200]",1,,"[3,3]",0,30,20,"[[1002,1000]]","[1002,300]",,1004003,
94004,4,-1,-1,,4,0,"[25,35]","[300,200]",1,,"[3,3]",0,30,20,"[[1002,1000]]","[1002,300]",,1004004,
